0 0.476841 0.476841
1 0.476841 0.476841
2 0.476841 0.476841
3 0.476841 0.476841
4 0.476841 0.476841
5 0.476841 0.476841
6 0.476841 0.476841
7 0.476841 0.476841
8 0.476841 0.476841
9 0.476841 0.476841
10 0.476841 0.476841
11 0.476841 0.476841
12 0.476841 0.476841
13 0.476841 0.476841
14 0.476841 0.476841
15 0.476841 0.445518
16 0.476841 0.520826
17 0.476841 0.523159
18 0.476841 0.505831
19 0.476841 0.466844
20 0.476841 0.506498
21 0.476841 0.441186
22 0.476841 0.476841
23 0.476841 0.407198
24 0.476841 0.507831
25 0.476841 0.523159
26 0.476841 0.523159
27 0.476841 0.523159
28 0.476841 0.523159
29 0.476841 0.523159
30 0.476841 0.523159
31 0.476841 0.523159
32 0.476841 0.523159
33 0.476841 0.523159
34 0.476841 0.523159
35 0.476841 0.523159
36 0.476841 0.523159
37 0.476841 0.522826
38 0.476841 0.443186
39 0.476841 0.432522
40 0.476841 0.476508
41 0.476841 0.42919
42 0.476841 0.476508
43 0.476841 0.476841
44 0.476841 0.476841
45 0.476841 0.476841
46 0.476841 0.475841
47 0.476841 0.476841
48 0.476841 0.476841
49 0.476841 0.476841
50 0.476841 0.476841
51 0.476841 0.476841
52 0.476841 0.476841
53 0.476841 0.476841
54 0.476841 0.476841
55 0.476841 0.476841
56 0.476841 0.476841
57 0.476841 0.476841
58 0.476841 0.476841
59 0.476841 0.476841
60 0.476841 0.476841
61 0.476841 0.476841
62 0.476841 0.476841
63 0.476841 0.476841
64 0.476841 0.476841
65 0.476841 0.476841
66 0.476841 0.476841
67 0.476841 0.476841
68 0.476841 0.467178
69 0.476841 0.402532
70 0.476841 0.322226
71 0.476841 0.42086
72 0.476841 0.315228
73 0.476841 0.442852
74 0.476841 0.321226
75 0.476841 0.399533
76 0.476841 0.512163
77 0.476841 0.523159
78 0.476841 0.517827
79 0.476841 0.458847
80 0.476841 0.316561
81 0.476841 0.503832
82 0.476841 0.337554
83 0.476841 0.345885
84 0.476841 0.465511
85 0.476841 0.476508
86 0.476841 0.476841
87 0.476841 0.476841
88 0.476841 0.476841
89 0.476841 0.476841
90 0.476841 0.476841
91 0.476841 0.476841
92 0.476841 0.476841
93 0.476841 0.476841
94 0.476841 0.476841
95 0.476841 0.476841
96 0.476841 0.476841
97 0.476841 0.476841
98 0.476841 0.476841
99 0.476841 0.476841
100 0.476841 0.476841
101 0.476841 0.476841
102 0.476841 0.476841
103 0.476841 0.476841
104 0.476841 0.476841
105 0.476841 0.476841
106 0.476841 0.476841
107 0.476841 0.476841
108 0.476841 0.476841
109 0.476841 0.476841
110 0.476841 0.476841
111 0.476841 0.476841
112 0.476841 0.476841
113 0.476841 0.476841
114 0.476841 0.476841
115 0.476508 0.476841
116 0.476508 0.476841
117 0.476508 0.476841
118 0.476508 0.476841
119 0.476508 0.476841
120 0.476508 0.476841
121 0.476508 0.476841
122 0.476508 0.476841
123 0.476508 0.476841
124 0.476508 0.476841
125 0.476508 0.476841
126 0.476508 0.476841
127 0.476508 0.476841
128 0.476508 0.476841
129 0.476508 0.476841
130 0.476508 0.476841
131 0.476508 0.476841
132 0.476508 0.476841
133 0.476508 0.476841
134 0.476508 0.476841
135 0.476508 0.476841
136 0.476508 0.476841
137 0.476508 0.476841
138 0.476508 0.476841
139 0.476508 0.476841
140 0.476508 0.476841
141 0.476508 0.476841
142 0.476175 0.476841
143 0.476175 0.476841
144 0.476175 0.476841
145 0.476175 0.476841
146 0.476175 0.476841
147 0.476175 0.476841
148 0.476175 0.476841
149 0.476175 0.476841
150 0.476175 0.476841
151 0.476175 0.476841
152 0.476175 0.476841
153 0.476175 0.476841
154 0.476175 0.476841
155 0.476175 0.476841
156 0.476175 0.476841
157 0.476175 0.476841
158 0.476175 0.476841
159 0.476175 0.476841
160 0.476175 0.476841
161 0.476175 0.476841
162 0.475841 0.476841
163 0.475841 0.476841
164 0.475841 0.476841
165 0.475841 0.476841
166 0.475841 0.476841
167 0.475841 0.476841
168 0.476175 0.476841
169 0.476175 0.476841
170 0.476175 0.476841
171 0.476175 0.476841
172 0.476175 0.476841
173 0.476175 0.476841
174 0.475841 0.476841
175 0.475508 0.476841
176 0.475508 0.476841
177 0.475508 0.476841
178 0.475508 0.476841
179 0.475841 0.476841
180 0.475508 0.476841
181 0.475508 0.476841
182 0.475175 0.476841
183 0.475175 0.476841
184 0.475175 0.476841
185 0.475175 0.476841
186 0.475175 0.476841
187 0.475175 0.476841
188 0.475175 0.476841
189 0.475175 0.476841
190 0.475175 0.476841
191 0.475175 0.476841
192 0.475175 0.476841
193 0.475175 0.476841
194 0.474842 0.476841
195 0.474842 0.476841
196 0.474842 0.476841
197 0.474842 0.476841
198 0.474842 0.476841
199 0.474842 0.476841
200 0.474175 0.476841
201 0.473509 0.476841
202 0.473509 0.476841
203 0.472842 0.476841
204 0.472509 0.476841
205 0.472842 0.476841
206 0.472509 0.476841
207 0.472176 0.476841
208 0.471843 0.476841
209 0.471843 0.476841
210 0.471509 0.476841
211 0.471509 0.476841
212 0.471509 0.476841
213 0.471509 0.476841
214 0.471176 0.476841
215 0.471176 0.476841
216 0.471176 0.476841
217 0.470843 0.476841
218 0.470843 0.476841
219 0.470843 0.476841
220 0.470843 0.476841
221 0.470843 0.476841
222 0.470843 0.476841
223 0.470843 0.476841
224 0.470843 0.476841
225 0.470177 0.476841
226 0.469843 0.476841
227 0.469843 0.476841
228 0.469843 0.476841
229 0.470177 0.476841
230 0.470177 0.476841
231 0.469843 0.476841
232 0.469177 0.476841
233 0.468844 0.476841
234 0.468844 0.476841
235 0.469177 0.476841
236 0.469177 0.476841
237 0.469177 0.476841
238 0.46851 0.476841
239 0.467844 0.476841
240 0.467844 0.476841
241 0.467511 0.476841
242 0.467844 0.476841
243 0.467511 0.476841
244 0.467511 0.476841
245 0.467511 0.476841
246 0.467511 0.476841
247 0.467511 0.476841
248 0.467511 0.476841
249 0.467511 0.476841
250 0.466844 0.476841
251 0.466178 0.476841
252 0.465845 0.476841
253 0.465511 0.476841
254 0.465511 0.476841
255 0.465178 0.476841
256 0.464845 0.476841
257 0.464845 0.476841
258 0.464512 0.476841
259 0.464512 0.476841
260 0.464512 0.476841
261 0.463845 0.476841
262 0.463845 0.476841
263 0.463512 0.476841
264 0.463512 0.476841
265 0.463512 0.476841
266 0.463512 0.476841
267 0.463179 0.476841
268 0.463512 0.476841
269 0.464179 0.476841
270 0.463845 0.476841
271 0.463845 0.476841
272 0.463845 0.476841
273 0.463845 0.476841
274 0.463845 0.476841
275 0.463179 0.476841
276 0.463179 0.476841
277 0.462846 0.476841
278 0.462512 0.476841
279 0.462179 0.476841
280 0.462179 0.476841
281 0.461846 0.476841
282 0.461846 0.476841
283 0.461846 0.476841
284 0.460513 0.476841
285 0.460513 0.476841
286 0.46018 0.476841
287 0.46018 0.476841
288 0.458847 0.476841
289 0.459513 0.476841
290 0.45918 0.476841
291 0.458181 0.476841
292 0.457847 0.476841
293 0.457514 0.476841
294 0.457847 0.476841
295 0.457847 0.476841
296 0.457181 0.476841
297 0.456848 0.476841
298 0.456848 0.476841
299 0.456848 0.476841
300 0.456514 0.476841
301 0.456181 0.476841
302 0.455182 0.476841
303 0.455182 0.476841
304 0.455515 0.476841
305 0.455182 0.476841
306 0.454848 0.476841
307 0.454848 0.476841
308 0.454515 0.476841
309 0.453849 0.476841
310 0.453515 0.476841
311 0.453182 0.476841
312 0.452183 0.476841
313 0.451849 0.476841
314 0.451849 0.476841
315 0.452183 0.476841
316 0.451849 0.476841
317 0.451183 0.476841
318 0.45085 0.476841
319 0.45085 0.476841
320 0.45085 0.476841
321 0.450183 0.476841
322 0.449517 0.476841
323 0.449184 0.476841
324 0.44885 0.476841
325 0.447851 0.476841
326 0.446851 0.476841
327 0.446518 0.476841
328 0.446518 0.476841
329 0.446518 0.476841
330 0.446185 0.476841
331 0.445185 0.476841
332 0.445185 0.476841
333 0.444852 0.476841
334 0.444518 0.476841
335 0.444185 0.476841
336 0.442852 0.476841
337 0.442852 0.476841
338 0.442186 0.476841
339 0.442186 0.476841
340 0.441853 0.476841
341 0.441853 0.476508
342 0.441519 0.476175
343 0.441186 0.476175
344 0.441519 0.476508
345 0.440853 0.476841
346 0.441186 0.476841
347 0.44052 0.476841
348 0.44052 0.476841
349 0.43952 0.476841
350 0.439187 0.476508
351 0.439187 0.476841
352 0.43852 0.476841
353 0.43852 0.476841
354 0.438187 0.476508
355 0.437521 0.476841
356 0.437521 0.476841
357 0.436854 0.476841
358 0.436188 0.476841
359 0.436188 0.476841
360 0.435855 0.476841
361 0.435521 0.476841
362 0.434855 0.476841
363 0.434522 0.476841
364 0.433855 0.476508
365 0.433855 0.476841
366 0.433189 0.476841
367 0.432856 0.476841
368 0.432189 0.476508
369 0.431856 0.476841
370 0.431523 0.476508
371 0.43019 0.476841
372 0.43019 0.476841
373 0.43019 0.476508
374 0.428524 0.476508
375 0.428191 0.476508
376 0.427524 0.476508
377 0.426858 0.476508
378 0.425858 0.476175
379 0.425525 0.476508
380 0.425192 0.476508
381 0.424858 0.476841
382 0.424858 0.476841
383 0.424525 0.476841
384 0.423525 0.476841
385 0.423525 0.476841
386 0.423525 0.476841
387 0.422526 0.476841
388 0.422526 0.476841
389 0.422193 0.476841
390 0.421859 0.476841
391 0.421859 0.476841
392 0.421193 0.476841
393 0.41986 0.476841
394 0.419527 0.476841
395 0.41886 0.476175
396 0.418194 0.476841
397 0.417861 0.476175
398 0.417527 0.476508
399 0.417527 0.475841
400 0.417527 0.474175
401 0.418194 0.476175
402 0.418527 0.476508
403 0.418527 0.476175
404 0.418527 0.476508
405 0.418194 0.475841
406 0.418194 0.474175
407 0.417527 0.475841
408 0.417527 0.473176
409 0.417527 0.475841
410 0.417194 0.473842
411 0.416528 0.47051
412 0.416528 0.463179
413 0.416195 0.469843
414 0.416195 0.472842
415 0.415861 0.474842
416 0.415195 0.472842
417 0.415528 0.474508
418 0.415528 0.473176
419 0.415528 0.469177
420 0.415528 0.473509
421 0.414195 0.474842
422 0.413196 0.473509
423 0.412529 0.474175
424 0.412196 0.473509
425 0.412529 0.474175
426 0.412196 0.476175
427 0.411863 0.474175
428 0.411863 0.475841
429 0.411196 0.476508
430 0.41053 0.476508
431 0.410197 0.476841
432 0.40953 0.476841
433 0.409197 0.476841
434 0.407864 0.476841
435 0.407864 0.476841
436 0.407531 0.476841
437 0.407531 0.476508
438 0.406864 0.476508
439 0.406531 0.476508
440 0.406531 0.476508
441 0.406198 0.476508
442 0.405865 0.476508
443 0.405865 0.476508
444 0.406198 0.476508
445 0.406198 0.476841
446 0.405865 0.476841
447 0.405531 0.476841
448 0.405531 0.476841
449 0.405531 0.476508
450 0.405198 0.476841
451 0.404865 0.476508
452 0.404532 0.476841
453 0.403865 0.476508
454 0.403532 0.476841
455 0.402866 0.476508
456 0.402532 0.476841
457 0.402199 0.476508
458 0.401866 0.476508
459 0.401533 0.476508
460 0.4012 0.476841
461 0.400533 0.476841
462 0.4002 0.476841
463 0.4002 0.476841
464 0.399867 0.476508
465 0.399867 0.476841
466 0.398534 0.476841
467 0.398534 0.476841
468 0.398867 0.476841
469 0.398534 0.476841
470 0.398867 0.476841
471 0.398534 0.476841
472 0.397201 0.476841
473 0.396868 0.476841
474 0.396534 0.476841
475 0.395868 0.476841
476 0.395535 0.476841
477 0.395535 0.476841
478 0.395535 0.476841
479 0.395202 0.476841
480 0.394868 0.476841
481 0.393869 0.476841
482 0.393869 0.476841
483 0.393202 0.476841
484 0.392869 0.476841
485 0.392536 0.476841
486 0.392536 0.476841
487 0.391536 0.476841
488 0.39087 0.476841
489 0.390536 0.476841
490 0.390203 0.476841
491 0.38987 0.476841
492 0.389204 0.476841
493 0.388537 0.476841
494 0.387871 0.476841
495 0.387871 0.476841
496 0.387871 0.476841
497 0.387871 0.476841
498 0.387537 0.476841
499 0.386538 0.476841
500 0.386205 0.476841
501 0.385871 0.476841
502 0.384872 0.476841
503 0.384872 0.476841
504 0.384205 0.476841
505 0.383872 0.476841
506 0.383872 0.476841
507 0.383872 0.476841
508 0.383539 0.476841
509 0.383206 0.476841
510 0.383206 0.476841
511 0.382872 0.476841
512 0.382872 0.476841
513 0.382872 0.476841
514 0.382539 0.476841
515 0.382539 0.476841
516 0.382206 0.476841
517 0.382206 0.476841
518 0.381206 0.476841
519 0.381206 0.476841
520 0.381206 0.476841
521 0.381206 0.476841
522 0.381206 0.476841
523 0.381206 0.476841
524 0.381206 0.476841
525 0.381206 0.476841
526 0.381206 0.476841
527 0.381539 0.476841
528 0.381206 0.476841
529 0.380207 0.476841
530 0.37954 0.476841
531 0.378874 0.476841
532 0.378874 0.476841
533 0.37854 0.476841
534 0.377874 0.476841
535 0.377874 0.476841
536 0.377541 0.476841
537 0.377541 0.476841
538 0.377874 0.476841
539 0.377541 0.476841
540 0.377541 0.476841
541 0.376874 0.476841
542 0.376874 0.476841
543 0.376874 0.476841
544 0.376874 0.476841
545 0.376874 0.476841
546 0.376874 0.476841
547 0.376874 0.476841
548 0.376541 0.476841
549 0.375875 0.476841
550 0.375208 0.476841
551 0.375875 0.476841
552 0.375208 0.476841
553 0.375208 0.476841
554 0.374875 0.476841
555 0.374875 0.476841
556 0.374542 0.476841
557 0.374209 0.476841
558 0.374209 0.476841
559 0.374875 0.476841
560 0.374875 0.476841
561 0.374542 0.476841
562 0.374542 0.476841
563 0.374875 0.476841
564 0.374209 0.476841
565 0.374209 0.476841
566 0.373542 0.476841
567 0.372876 0.476841
568 0.372542 0.476841
569 0.372209 0.476841
570 0.371876 0.476841
571 0.371543 0.476841
572 0.371543 0.476841
573 0.37121 0.476841
574 0.370543 0.476841
575 0.37021 0.476841
576 0.369543 0.476841
577 0.36921 0.476841
578 0.368211 0.476841
579 0.367877 0.476841
580 0.367544 0.476841
581 0.366878 0.476841
582 0.366878 0.476841
583 0.365878 0.476508
584 0.366211 0.476841
585 0.366211 0.476508
586 0.365545 0.476508
587 0.365212 0.476508
588 0.365212 0.476841
589 0.364878 0.476508
590 0.364545 0.476508
591 0.363212 0.476508
592 0.363212 0.476841
593 0.362213 0.476508
594 0.361546 0.476841
595 0.360213 0.476508
596 0.35988 0.476508
597 0.35888 0.476508
598 0.358214 0.476508
599 0.358214 0.476508
600 0.357547 0.476508
601 0.357881 0.476841
602 0.357881 0.476841
603 0.357881 0.476841
604 0.357547 0.476841
605 0.357214 0.476841
606 0.356881 0.476841
607 0.356215 0.476841
608 0.355881 0.476841
609 0.355881 0.476841
610 0.355881 0.476841
611 0.355548 0.476841
612 0.354882 0.476841
613 0.354882 0.476841
614 0.354882 0.476841
615 0.354215 0.476841
616 0.354215 0.476841
617 0.354215 0.476841
618 0.353882 0.476841
619 0.353882 0.476841
620 0.353549 0.476841
621 0.353549 0.476841
622 0.353549 0.476841
623 0.353216 0.476841
624 0.352549 0.476508
625 0.352216 0.476508
626 0.351549 0.476508
627 0.351216 0.476841
628 0.351216 0.476508
629 0.350883 0.476841
630 0.350883 0.476508
631 0.350217 0.476841
632 0.350217 0.476841
633 0.349883 0.476841
634 0.349883 0.476841
635 0.34955 0.476841
636 0.349217 0.476841
637 0.349217 0.476841
638 0.34855 0.476841
639 0.34855 0.476841
640 0.347551 0.476841
641 0.346884 0.476841
642 0.346551 0.476841
643 0.345885 0.476841
644 0.345885 0.476841
645 0.344552 0.476841
646 0.344219 0.476841
647 0.344219 0.476841
648 0.344219 0.476841
649 0.343552 0.476841
650 0.343552 0.476841
651 0.342886 0.476841
652 0.342552 0.476841
653 0.342552 0.476841
654 0.341553 0.476841
655 0.34122 0.476841
656 0.340886 0.476841
657 0.341553 0.476841
658 0.34122 0.476841
659 0.34122 0.476841
660 0.340553 0.476841
661 0.339887 0.476841
662 0.339553 0.476841
663 0.339553 0.476841
664 0.339553 0.476841
665 0.339553 0.476841
666 0.338554 0.476841
667 0.338554 0.476841
668 0.338221 0.476841
669 0.338221 0.476841
670 0.338221 0.476841
671 0.337887 0.476841
672 0.337554 0.476841
673 0.336554 0.476841
674 0.336221 0.476841
675 0.335888 0.476841
676 0.335555 0.476841
677 0.335555 0.476841
678 0.335555 0.476841
679 0.335888 0.476841
680 0.335222 0.476841
681 0.334888 0.476841
682 0.334888 0.476841
683 0.334555 0.476841
684 0.333889 0.476841
685 0.333555 0.476841
686 0.333555 0.476841
687 0.333555 0.476841
688 0.333555 0.476841
689 0.333222 0.476841
690 0.332556 0.476841
691 0.331556 0.476841
692 0.331556 0.476841
693 0.33089 0.476841
694 0.33089 0.476841
695 0.330556 0.476841
696 0.32989 0.476841
697 0.329557 0.476841
698 0.32889 0.476841
699 0.32889 0.476841
700 0.328557 0.476841
701 0.328557 0.476841
702 0.328557 0.476841
703 0.327891 0.476841
704 0.327891 0.476841
705 0.327891 0.476841
706 0.327557 0.476841
707 0.327557 0.476841
708 0.327557 0.476841
709 0.327224 0.476841
710 0.326891 0.476841
711 0.326558 0.476841
712 0.326225 0.476841
713 0.326225 0.476841
714 0.326558 0.476841
715 0.326558 0.476841
716 0.325891 0.476841
717 0.325891 0.476841
718 0.326225 0.476841
719 0.326225 0.476841
720 0.325891 0.476841
721 0.325558 0.476841
722 0.325225 0.476841
723 0.325225 0.476841
724 0.325225 0.476841
725 0.324225 0.476841
726 0.324225 0.476841
727 0.323559 0.476841
728 0.323559 0.476841
729 0.323559 0.476841
730 0.323559 0.476841
731 0.323559 0.476841
732 0.323226 0.476841
733 0.322559 0.476841
734 0.322559 0.476841
735 0.322559 0.476841
736 0.322226 0.476841
737 0.321893 0.476841
738 0.321893 0.476841
739 0.321559 0.476841
740 0.321226 0.476841
741 0.320893 0.476841
742 0.320893 0.476841
743 0.320893 0.476841
744 0.32056 0.476841
745 0.320227 0.476841
746 0.319893 0.476841
747 0.319893 0.476841
748 0.319893 0.476841
749 0.319893 0.476841
750 0.319893 0.476841
751 0.31956 0.476841
752 0.319227 0.476841
753 0.318894 0.476841
754 0.319227 0.476841
755 0.318894 0.476841
756 0.318894 0.476841
757 0.318227 0.476841
758 0.317894 0.476841
759 0.317561 0.476841
760 0.316561 0.476841
761 0.316228 0.476841
762 0.316228 0.476841
763 0.316228 0.476841
764 0.316228 0.476841
765 0.315228 0.476841
766 0.314895 0.476841
767 0.314895 0.476841
768 0.314562 0.476841
769 0.314562 0.476841
770 0.314229 0.476841
771 0.314229 0.476841
772 0.314562 0.476841
773 0.314562 0.476841
774 0.314562 0.476841
775 0.314562 0.476841
776 0.314562 0.476841
777 0.314562 0.476841
778 0.314229 0.476841
779 0.313895 0.476841
780 0.313895 0.476841
781 0.313895 0.476841
782 0.314229 0.476841
783 0.313562 0.476841
784 0.313562 0.476841
785 0.313562 0.476841
786 0.313562 0.476841
787 0.313229 0.476841
788 0.312896 0.476841
789 0.312562 0.476841
790 0.312562 0.476841
791 0.312229 0.476841
792 0.31123 0.476841
793 0.310563 0.476841
794 0.310563 0.476841
795 0.310563 0.476841
796 0.31023 0.476841
797 0.31023 0.476841
798 0.31023 0.476841
799 0.30923 0.476841
800 0.30923 0.476841
801 0.308564 0.476841
802 0.308564 0.476841
803 0.308897 0.476841
804 0.308231 0.476841
805 0.308564 0.476841
806 0.308564 0.476841
807 0.307897 0.476841
808 0.307897 0.476841
809 0.307564 0.476841
810 0.306898 0.476841
811 0.306564 0.476841
812 0.306898 0.476841
813 0.306898 0.476841
814 0.305898 0.476841
815 0.305565 0.476841
816 0.305232 0.476841
817 0.304565 0.476841
818 0.304565 0.476841
819 0.304232 0.476841
820 0.304232 0.476841
821 0.304232 0.476841
822 0.303899 0.476841
823 0.303899 0.476841
824 0.303899 0.476841
825 0.303565 0.476841
826 0.303565 0.476841
827 0.303565 0.476841
828 0.302899 0.476841
829 0.301899 0.476841
830 0.301899 0.476841
831 0.301899 0.476841
832 0.301899 0.476841
833 0.301566 0.476841
834 0.301566 0.476841
835 0.301233 0.476841
836 0.3009 0.476841
837 0.3009 0.476841
838 0.3009 0.476841
839 0.300566 0.476841
840 0.300566 0.476841
841 0.300566 0.476841
842 0.300566 0.476841
843 0.300566 0.476841
844 0.300566 0.476841
845 0.300233 0.476841
846 0.299567 0.476841
847 0.299567 0.476841
848 0.299234 0.476841
849 0.299234 0.476841
850 0.2989 0.476841
851 0.2989 0.476841
852 0.299234 0.476841
853 0.298567 0.476841
854 0.298234 0.476841
855 0.298234 0.476841
856 0.298234 0.476841
857 0.297567 0.476841
858 0.297234 0.476841
859 0.297234 0.476841
860 0.297567 0.476841
861 0.297234 0.476841
862 0.296568 0.476841
863 0.296235 0.476841
864 0.295901 0.476841
865 0.295235 0.476841
866 0.294902 0.476841
867 0.294902 0.476841
868 0.294902 0.476841
869 0.294568 0.476841
870 0.294235 0.476841
871 0.294235 0.476841
872 0.293902 0.476841
873 0.293902 0.476841
874 0.293902 0.476841
875 0.293902 0.476841
876 0.293569 0.476841
877 0.293236 0.476841
878 0.293236 0.476841
879 0.293236 0.476841
880 0.293236 0.476841
881 0.293236 0.476841
882 0.293236 0.476841
883 0.293236 0.476841
884 0.292902 0.476841
885 0.293236 0.476841
886 0.293236 0.476841
887 0.292902 0.476841
888 0.293236 0.476841
889 0.293236 0.476841
890 0.292902 0.476841
891 0.292902 0.476841
892 0.293236 0.476841
893 0.293236 0.476841
894 0.292902 0.476841
895 0.292902 0.476841
896 0.292569 0.476841
897 0.292569 0.476841
898 0.292569 0.476841
899 0.292569 0.476841
900 0.292569 0.476841
901 0.292569 0.476841
902 0.292236 0.476841
903 0.292236 0.476841
904 0.292236 0.476841
905 0.291903 0.476841
906 0.291903 0.476841
907 0.291903 0.476841
908 0.292236 0.476841
909 0.292236 0.476841
910 0.290903 0.476841
911 0.290903 0.476841
912 0.290903 0.476841
913 0.290237 0.476841
914 0.289903 0.476841
915 0.289903 0.476841
916 0.28957 0.476841
917 0.289237 0.476841
918 0.289237 0.476841
919 0.289237 0.476841
920 0.288904 0.476841
921 0.288904 0.476841
922 0.28857 0.476841
923 0.28857 0.476841
924 0.288237 0.476841
925 0.28857 0.476841
926 0.28857 0.476841
927 0.288904 0.476841
928 0.288904 0.476841
929 0.289237 0.476841
930 0.288904 0.476841
931 0.288904 0.476841
932 0.28857 0.476841
933 0.288237 0.476841
934 0.288237 0.476841
935 0.287904 0.476841
936 0.287904 0.476508
937 0.287571 0.476508
938 0.287238 0.476508
939 0.287238 0.476508
940 0.287238 0.476175
941 0.286904 0.476508
942 0.286571 0.476508
943 0.286571 0.476508
944 0.286571 0.476175
945 0.286571 0.476175
946 0.285905 0.475841
947 0.285571 0.476175
948 0.285238 0.475841
949 0.285238 0.476175
950 0.285238 0.475841
951 0.285238 0.476175
952 0.285238 0.475841
953 0.284905 0.475841
954 0.284905 0.475841
955 0.284905 0.476175
956 0.284905 0.476175
957 0.284905 0.475508
958 0.284905 0.476175
959 0.284905 0.475841
960 0.284572 0.476175
961 0.284905 0.475841
962 0.283905 0.476175
963 0.282906 0.476175
964 0.282572 0.476175
965 0.282239 0.476508
966 0.282239 0.476508
967 0.282239 0.476508
968 0.281573 0.476508
969 0.281573 0.476508
970 0.281573 0.476508
971 0.28124 0.476841
972 0.28124 0.476508
973 0.28124 0.476508
974 0.280906 0.476508
975 0.280906 0.476841
976 0.280906 0.476508
977 0.280906 0.476508
978 0.280906 0.476508
979 0.280906 0.476508
980 0.280906 0.476508
981 0.280906 0.476508
982 0.280573 0.476508
983 0.28024 0.476508
984 0.28024 0.476841
985 0.28024 0.476841
986 0.279573 0.476841
987 0.27924 0.476508
988 0.27924 0.476841
989 0.27924 0.476841
990 0.278907 0.476841
991 0.278907 0.476841
992 0.278574 0.476841
993 0.278574 0.476841
994 0.278574 0.476841
995 0.278241 0.476841
996 0.277907 0.476841
997 0.277907 0.476841
998 0.277574 0.476841
999 0.277574 0.476841
1000 0.277241 0.476841
1001 0.277241 0.476841
1002 0.277574 0.476841
1003 0.277241 0.476841
1004 0.277241 0.476841
1005 0.276908 0.476841
1006 0.276908 0.476841
1007 0.276908 0.476841
1008 0.276574 0.476841
1009 0.276241 0.476841
1010 0.276241 0.476841
1011 0.276241 0.476841
1012 0.276241 0.476841
1013 0.276241 0.476841
1014 0.276241 0.476841
1015 0.276241 0.476841
1016 0.276241 0.476841
1017 0.275908 0.476508
1018 0.275908 0.476508
1019 0.275908 0.476508
1020 0.275575 0.476841
1021 0.275575 0.476508
1022 0.275908 0.476508
1023 0.275908 0.476841
1024 0.275242 0.476508
1025 0.275242 0.476508
1026 0.275242 0.476508
1027 0.274908 0.476508
1028 0.274575 0.476175
1029 0.274242 0.476508
1030 0.273575 0.476175
1031 0.273575 0.476175
1032 0.272909 0.475841
1033 0.272909 0.476175
1034 0.272576 0.475841
1035 0.272576 0.476175
1036 0.272576 0.476175
1037 0.272576 0.476175
1038 0.272576 0.476508
1039 0.272576 0.476508
1040 0.272243 0.476508
1041 0.272243 0.476508
1042 0.272243 0.476508
1043 0.272243 0.476508
1044 0.272243 0.476841
1045 0.272243 0.476841
1046 0.271909 0.476841
1047 0.271909 0.476508
1048 0.271909 0.476841
1049 0.271909 0.476841
1050 0.271576 0.476841
1051 0.271576 0.476841
1052 0.271576 0.476841
1053 0.271576 0.476841
1054 0.271576 0.476508
1055 0.271576 0.476841
1056 0.271576 0.476841
1057 0.271576 0.476841
1058 0.271576 0.476841
1059 0.271576 0.476508
1060 0.271576 0.476841
1061 0.271909 0.476841
1062 0.271909 0.476841
1063 0.271576 0.476508
1064 0.271576 0.476508
1065 0.271576 0.476508
1066 0.271576 0.476508
1067 0.271576 0.476508
1068 0.271576 0.476508
1069 0.271576 0.476508
1070 0.271243 0.476508
1071 0.271243 0.476175
1072 0.271243 0.476508
1073 0.271243 0.476175
1074 0.271243 0.476175
1075 0.270576 0.476175
1076 0.270576 0.476175
1077 0.270576 0.476175
1078 0.27091 0.475841
1079 0.27091 0.476175
1080 0.270576 0.476175
1081 0.270576 0.476175
1082 0.27091 0.476175
1083 0.271243 0.476175
1084 0.271243 0.476175
1085 0.271243 0.476508
1086 0.271243 0.476508
1087 0.271243 0.476508
1088 0.271243 0.476508
1089 0.27091 0.476508
1090 0.27091 0.476508
1091 0.27091 0.476508
1092 0.270576 0.476841
1093 0.270576 0.476508
1094 0.270576 0.476841
1095 0.270576 0.476841
1096 0.270576 0.476508
1097 0.270243 0.476508
1098 0.270243 0.476508
1099 0.270243 0.476508
1100 0.270243 0.476508
1101 0.270243 0.476508
1102 0.270243 0.476508
1103 0.270243 0.476841
1104 0.270243 0.476841
1105 0.269577 0.476508
1106 0.269577 0.476841
1107 0.26891 0.476841
1108 0.268577 0.476841
1109 0.268577 0.476841
1110 0.268577 0.476841
1111 0.268244 0.476841
1112 0.267577 0.476841
1113 0.267577 0.476508
1114 0.267577 0.476508
1115 0.267244 0.476508
1116 0.267244 0.476508
1117 0.266911 0.476508
1118 0.266911 0.476508
1119 0.266578 0.476841
1120 0.266245 0.476841
1121 0.266245 0.476841
1122 0.265911 0.476841
1123 0.265911 0.476841
1124 0.265245 0.476841
1125 0.265245 0.476841
1126 0.265245 0.476841
1127 0.265245 0.476841
1128 0.264912 0.476841
1129 0.264912 0.476841
1130 0.264912 0.476841
1131 0.264912 0.476841
1132 0.264912 0.476841
1133 0.264912 0.476841
1134 0.264912 0.476841
1135 0.264578 0.476841
1136 0.263912 0.476841
1137 0.263912 0.476841
1138 0.263912 0.476841
1139 0.263912 0.476841
1140 0.263912 0.476841
1141 0.263912 0.476841
1142 0.263912 0.476841
1143 0.263579 0.476841
1144 0.263579 0.476841
1145 0.263579 0.476841
1146 0.263579 0.476841
1147 0.263579 0.476841
1148 0.263579 0.476841
1149 0.263579 0.476841
1150 0.263579 0.476841
1151 0.263579 0.476841
1152 0.262579 0.476841
1153 0.262579 0.476841
1154 0.262246 0.476841
1155 0.262246 0.476841
1156 0.262246 0.476841
1157 0.262246 0.476841
1158 0.262246 0.476841
1159 0.262579 0.476841
1160 0.262246 0.476841
1161 0.262246 0.476841
1162 0.262246 0.476841
1163 0.262246 0.476841
1164 0.262246 0.476841
1165 0.261913 0.476841
1166 0.261246 0.476841
1167 0.261246 0.476841
1168 0.260913 0.476841
1169 0.260913 0.476841
1170 0.261246 0.476841
1171 0.260913 0.476841
1172 0.26058 0.476841
1173 0.26058 0.476841
1174 0.26058 0.476841
1175 0.26058 0.476841
1176 0.260247 0.476841
1177 0.259913 0.476841
1178 0.259913 0.476841
1179 0.25958 0.476841
1180 0.259247 0.476841
1181 0.259247 0.476841
1182 0.259247 0.476841
1183 0.25958 0.476841
1184 0.259247 0.476841
1185 0.259247 0.476841
1186 0.259247 0.476841
1187 0.258914 0.476841
1188 0.258914 0.476841
1189 0.258914 0.476841
1190 0.258914 0.476841
1191 0.258914 0.476841
1192 0.258914 0.476841
1193 0.258914 0.476841
1194 0.258914 0.476841
1195 0.25858 0.476841
1196 0.25858 0.476841
1197 0.258914 0.476841
1198 0.258914 0.476841
1199 0.258914 0.476841
1200 0.25858 0.476841
1201 0.258247 0.476841
1202 0.258247 0.476841
1203 0.258247 0.476841
1204 0.257914 0.476841
1205 0.257248 0.476841
1206 0.257248 0.476841
1207 0.257248 0.476841
1208 0.257248 0.476841
1209 0.257581 0.476841
1210 0.257581 0.476841
1211 0.257581 0.476841
1212 0.257248 0.476841
1213 0.256914 0.476841
1214 0.256581 0.476841
1215 0.256581 0.476841
1216 0.256581 0.476841
1217 0.256581 0.476841
1218 0.256581 0.476841
1219 0.256581 0.476841
1220 0.256581 0.476841
1221 0.256581 0.476841
1222 0.256248 0.476841
1223 0.256248 0.476841
1224 0.256248 0.476841
1225 0.255915 0.476841
1226 0.255915 0.476841
1227 0.255915 0.476841
1228 0.255915 0.476841
1229 0.255915 0.476841
1230 0.255248 0.476841
1231 0.255248 0.476841
1232 0.255248 0.476841
1233 0.254582 0.476508
1234 0.254582 0.476841
1235 0.254582 0.476508
1236 0.254582 0.476841
1237 0.254915 0.476841
1238 0.254915 0.476841
1239 0.254915 0.476841
1240 0.254915 0.476841
1241 0.254915 0.476841
1242 0.254582 0.476841
1243 0.254582 0.476841
1244 0.254249 0.476841
1245 0.254249 0.476841
1246 0.253915 0.476508
1247 0.253915 0.476508
1248 0.253915 0.476508
1249 0.253582 0.476508
1250 0.253582 0.476508
1251 0.253582 0.476175
1252 0.253915 0.476175
1253 0.253582 0.476175
1254 0.253249 0.476175
1255 0.253249 0.476175
1256 0.253249 0.476175
1257 0.252916 0.476175
1258 0.253249 0.476508
1259 0.253249 0.476175
1260 0.253249 0.476508
1261 0.253249 0.476508
1262 0.253249 0.476508
1263 0.253249 0.476508
1264 0.252582 0.476508
1265 0.252916 0.476508
1266 0.252916 0.476508
1267 0.252916 0.476508
1268 0.252916 0.476508
1269 0.252916 0.476508
1270 0.252916 0.476175
1271 0.253249 0.476508
1272 0.253249 0.476175
1273 0.253249 0.476508
1274 0.253249 0.476175
1275 0.252582 0.476175
1276 0.252582 0.476508
1277 0.252249 0.476175
1278 0.252249 0.476175
1279 0.252249 0.476175
1280 0.252249 0.476175
1281 0.252249 0.476175
1282 0.252249 0.476175
1283 0.252249 0.476175
1284 0.252249 0.476175
1285 0.252249 0.476175
1286 0.252249 0.476175
1287 0.251916 0.476508
1288 0.251583 0.476175
1289 0.251583 0.476508
1290 0.251583 0.476175
1291 0.25125 0.476175
1292 0.250916 0.476175
1293 0.250916 0.476175
1294 0.250916 0.475841
1295 0.250916 0.476175
1296 0.250916 0.476175
1297 0.250583 0.476175
1298 0.25025 0.476175
1299 0.249583 0.476175
1300 0.249583 0.476175
1301 0.249583 0.476175
1302 0.248917 0.476175
1303 0.248584 0.476175
1304 0.248584 0.476175
1305 0.248584 0.476508
1306 0.248584 0.476508
1307 0.248251 0.476508
1308 0.247917 0.476508
1309 0.247917 0.476508
1310 0.247917 0.476508
1311 0.247917 0.476508
1312 0.247917 0.476508
1313 0.247584 0.476841
1314 0.247251 0.476508
1315 0.247251 0.476841
1316 0.246584 0.476508
1317 0.246584 0.476508
1318 0.246584 0.476508
1319 0.246251 0.476508
1320 0.246251 0.476175
1321 0.245918 0.476175
1322 0.245585 0.476175
1323 0.245585 0.476175
1324 0.245252 0.476508
1325 0.244918 0.476175
1326 0.244918 0.476175
1327 0.245252 0.476175
1328 0.245252 0.476175
1329 0.245252 0.476175
1330 0.245252 0.476175
1331 0.245252 0.476175
1332 0.245252 0.476175
1333 0.245252 0.475841
1334 0.245252 0.476175
1335 0.245252 0.476508
1336 0.245252 0.476175
1337 0.245252 0.475508
1338 0.245252 0.475841
1339 0.244918 0.475508
1340 0.244585 0.476175
1341 0.244585 0.475508
1342 0.244585 0.474842
1343 0.244585 0.473176
1344 0.244585 0.474175
1345 0.244585 0.475508
1346 0.244585 0.475508
1347 0.244585 0.475841
1348 0.244585 0.475841
1349 0.244585 0.475175
1350 0.244585 0.475508
1351 0.244585 0.474842
1352 0.244585 0.475508
1353 0.244585 0.475841
1354 0.244585 0.475508
1355 0.244252 0.474842
1356 0.244252 0.475508
1357 0.244252 0.474842
1358 0.244252 0.475841
1359 0.243919 0.475841
1360 0.243919 0.476175
1361 0.243585 0.475841
1362 0.243585 0.475508
1363 0.242919 0.475841
1364 0.242919 0.475175
1365 0.242919 0.473842
1366 0.242253 0.475175
1367 0.242253 0.475841
1368 0.242253 0.475841
1369 0.241919 0.474508
1370 0.241919 0.475841
1371 0.241919 0.474842
1372 0.241919 0.475841
1373 0.241586 0.475175
1374 0.241586 0.473509
1375 0.241253 0.472176
1376 0.241253 0.473176
1377 0.241253 0.474175
1378 0.241253 0.473176
1379 0.241253 0.471509
1380 0.241253 0.473176
1381 0.241253 0.473842
1382 0.241253 0.474842
1383 0.241253 0.475841
1384 0.241586 0.475841
1385 0.241586 0.476175
1386 0.241253 0.475508
1387 0.241253 0.475841
1388 0.241586 0.476175
1389 0.241253 0.476175
1390 0.241253 0.476175
1391 0.241253 0.475841
1392 0.241253 0.475841
1393 0.241253 0.474842
1394 0.241253 0.475508
1395 0.241253 0.474508
1396 0.241253 0.473842
1397 0.241253 0.474508
1398 0.241253 0.473176
1399 0.241253 0.472509
1400 0.241253 0.470843
1401 0.241253 0.47051
1402 0.241253 0.471176
1403 0.241253 0.473176
1404 0.241253 0.474175
1405 0.24092 0.472842
1406 0.24092 0.471176
1407 0.24092 0.469843
1408 0.240586 0.470843
1409 0.240586 0.469843
1410 0.240586 0.470843
1411 0.240586 0.46951
1412 0.240586 0.468177
1413 0.240586 0.468844
1414 0.240586 0.467844
1415 0.240586 0.469177
1416 0.240586 0.47051
1417 0.240586 0.469177
1418 0.240253 0.47051
1419 0.240253 0.469177
1420 0.240253 0.468177
1421 0.239587 0.469177
1422 0.239587 0.47051
1423 0.239587 0.46851
1424 0.239587 0.470177
1425 0.239587 0.468177
1426 0.239587 0.47051
1427 0.239254 0.470843
1428 0.239254 0.470177
1429 0.239254 0.470843
1430 0.239254 0.471843
1431 0.23892 0.473176
1432 0.23892 0.473842
1433 0.239254 0.474508
1434 0.239254 0.475508
1435 0.239254 0.475841
1436 0.239254 0.475508
1437 0.239254 0.474508
1438 0.239254 0.473176
1439 0.239254 0.471843
1440 0.239254 0.470843
1441 0.239254 0.471843
1442 0.239254 0.472842
1443 0.239254 0.471509
1444 0.238587 0.472176
1445 0.238587 0.473176
1446 0.23892 0.474508
1447 0.23892 0.474175
1448 0.23892 0.474842
1449 0.239587 0.473842
1450 0.239587 0.473176
1451 0.239587 0.474175
1452 0.23892 0.473176
1453 0.23892 0.474175
1454 0.23892 0.472842
1455 0.23892 0.471843
1456 0.23892 0.472842
1457 0.23892 0.473842
1458 0.238587 0.472842
1459 0.238587 0.471843
1460 0.238587 0.472842
1461 0.238254 0.473842
1462 0.238254 0.474842
1463 0.238254 0.475841
1464 0.237921 0.474842
1465 0.238254 0.473842
1466 0.237921 0.474508
1467 0.237587 0.475175
1468 0.237587 0.475508
1469 0.237587 0.475841
1470 0.237587 0.476175
1471 0.237587 0.475841
1472 0.237587 0.476175
1473 0.236921 0.475841
1474 0.236921 0.476175
1475 0.236921 0.475841
1476 0.236588 0.475841
1477 0.236255 0.475841
1478 0.236255 0.476175
1479 0.236255 0.476175
1480 0.236255 0.476508
1481 0.235921 0.476175
1482 0.235921 0.476508
1483 0.236255 0.476175
1484 0.236255 0.476175
1485 0.236588 0.476175
1486 0.236588 0.476175
1487 0.236255 0.476175
1488 0.236255 0.476175
1489 0.236255 0.476508
1490 0.236255 0.476175
1491 0.236255 0.476175
1492 0.236255 0.476175
1493 0.236255 0.476175
1494 0.236255 0.476175
1495 0.236255 0.476508
1496 0.236255 0.476175
1497 0.236255 0.476175
1498 0.236255 0.476175
1499 0.236255 0.476175
1500 0.236255 0.476175
1501 0.236255 0.476175
1502 0.236255 0.476175
1503 0.235921 0.476175
1504 0.236255 0.476508
1505 0.236255 0.476175
1506 0.236255 0.476508
1507 0.236255 0.476175
1508 0.236255 0.476175
1509 0.236255 0.476175
1510 0.236255 0.476175
1511 0.236255 0.476175
1512 0.236255 0.476175
1513 0.236255 0.476175
1514 0.236255 0.476175
1515 0.236255 0.476508
1516 0.236255 0.476175
1517 0.235921 0.476175
1518 0.235921 0.476175
1519 0.235921 0.476175
1520 0.235921 0.476175
1521 0.235921 0.476175
1522 0.235921 0.476175
1523 0.235921 0.476175
1524 0.235921 0.476175
1525 0.235921 0.476175
1526 0.235921 0.476508
1527 0.235921 0.476175
1528 0.235921 0.476175
1529 0.235921 0.476175
1530 0.235921 0.476175
1531 0.235588 0.476175
1532 0.235588 0.476175
1533 0.235588 0.476175
1534 0.235588 0.476175
1535 0.235588 0.476175
1536 0.235255 0.476175
1537 0.235255 0.476175
1538 0.235255 0.476175
1539 0.235588 0.476175
1540 0.235588 0.476175
1541 0.235588 0.476175
1542 0.235588 0.476175
1543 0.235255 0.476175
1544 0.235255 0.476175
1545 0.235255 0.476508
1546 0.235255 0.476175
1547 0.235255 0.476175
1548 0.235255 0.475508
1549 0.234922 0.475175
1550 0.234922 0.475175
1551 0.234922 0.476175
1552 0.234922 0.475175
1553 0.234922 0.475175
1554 0.234922 0.475175
1555 0.234922 0.475175
1556 0.234922 0.475175
1557 0.234922 0.475175
1558 0.234922 0.475175
1559 0.234922 0.475175
1560 0.235255 0.475175
1561 0.235255 0.475841
1562 0.235255 0.475841
1563 0.234922 0.475175
1564 0.234922 0.475841
1565 0.234922 0.475175
1566 0.234922 0.476175
1567 0.234922 0.475841
1568 0.234922 0.475175
1569 0.234922 0.475508
1570 0.234922 0.475841
1571 0.234922 0.476175
1572 0.234922 0.475841
1573 0.234922 0.475175
1574 0.234922 0.475175
1575 0.234922 0.475175
1576 0.234922 0.475175
1577 0.234922 0.475175
1578 0.234588 0.474508
1579 0.234255 0.473509
1580 0.234255 0.472509
1581 0.234255 0.473842
1582 0.234255 0.473509
1583 0.234255 0.473842
1584 0.234255 0.471509
1585 0.233922 0.473842
1586 0.233589 0.471509
1587 0.233922 0.470843
1588 0.233922 0.471509
1589 0.233922 0.473176
1590 0.233922 0.471176
1591 0.233922 0.470177
1592 0.233922 0.471176
1593 0.233922 0.471843
1594 0.233922 0.471176
1595 0.233922 0.471509
1596 0.233922 0.471176
1597 0.233922 0.469843
1598 0.233589 0.471176
1599 0.233589 0.471509
1600 0.233589 0.471176
1601 0.233589 0.471509
1602 0.233589 0.472509
1603 0.233589 0.473176
1604 0.233589 0.472509
1605 0.233589 0.473842
1606 0.232922 0.472176
1607 0.232589 0.473842
1608 0.232589 0.472176
1609 0.232589 0.473176
1610 0.232589 0.473176
1611 0.232589 0.475175
1612 0.232589 0.474842
1613 0.232589 0.475841
1614 0.232256 0.475175
1615 0.232256 0.475508
1616 0.231923 0.475841
1617 0.231923 0.475508
1618 0.231923 0.476175
1619 0.231589 0.475508
1620 0.231589 0.475175
1621 0.231256 0.474842
1622 0.230923 0.473842
1623 0.230923 0.473509
1624 0.230923 0.473176
1625 0.230923 0.471509
1626 0.23059 0.471176
1627 0.23059 0.471509
1628 0.23059 0.472509
1629 0.23059 0.471509
1630 0.23059 0.472509
1631 0.23059 0.471509
1632 0.23059 0.472176
1633 0.23059 0.473509
1634 0.23059 0.472509
1635 0.23059 0.473509
1636 0.23059 0.474175
1637 0.23059 0.475175
1638 0.23059 0.473842
1639 0.23059 0.473842
1640 0.230923 0.473842
1641 0.231256 0.475175
1642 0.231256 0.473842
1643 0.231256 0.473509
1644 0.231256 0.471843
1645 0.230923 0.473509
1646 0.23059 0.471843
1647 0.23059 0.473509
1648 0.230257 0.474175
1649 0.230257 0.473509
1650 0.230257 0.472509
1651 0.229923 0.473176
1652 0.229923 0.474842
1653 0.229923 0.473509
1654 0.229923 0.474175
1655 0.229923 0.475175
1656 0.230257 0.473509
1657 0.230257 0.475175
1658 0.230257 0.475175
1659 0.229923 0.474842
1660 0.229923 0.475175
1661 0.229923 0.475508
1662 0.22959 0.475841
1663 0.22959 0.475841
1664 0.229923 0.476175
1665 0.229923 0.475841
1666 0.229923 0.476175
1667 0.229923 0.475841
1668 0.229923 0.476175
1669 0.230257 0.476175
1670 0.230257 0.476175
1671 0.230257 0.476175
1672 0.230257 0.476175
1673 0.230257 0.476175
1674 0.230257 0.476175
1675 0.230257 0.476175
1676 0.230257 0.476175
1677 0.229923 0.476175
1678 0.22959 0.476175
1679 0.22959 0.476175
1680 0.22959 0.476175
1681 0.22959 0.476175
1682 0.22959 0.476175
1683 0.22959 0.476175
1684 0.22959 0.476175
1685 0.22959 0.476175
1686 0.22959 0.476175
1687 0.22959 0.476175
1688 0.22959 0.476175
1689 0.22959 0.476175
1690 0.22959 0.476175
1691 0.229257 0.476175
1692 0.229257 0.476175
1693 0.229257 0.476175
1694 0.228924 0.476175
1695 0.228924 0.476175
1696 0.228924 0.476175
1697 0.228924 0.476175
1698 0.228924 0.476175
1699 0.228924 0.476175
1700 0.228924 0.476175
1701 0.228924 0.476175
1702 0.228924 0.476508
1703 0.228257 0.476175
1704 0.22859 0.476175
1705 0.22859 0.476175
1706 0.22859 0.476175
1707 0.22859 0.476175
1708 0.22859 0.476175
1709 0.228924 0.476175
1710 0.228924 0.476175
1711 0.228924 0.476508
1712 0.228924 0.476508
1713 0.228924 0.476175
1714 0.228924 0.476508
1715 0.22859 0.476508
1716 0.22859 0.476508
1717 0.228257 0.476508
1718 0.228257 0.476508
1719 0.228257 0.476508
1720 0.228257 0.476508
1721 0.228257 0.476841
1722 0.228257 0.476508
1723 0.228257 0.476841
1724 0.228257 0.476841
1725 0.228257 0.476841
1726 0.228257 0.476841
1727 0.228257 0.476841
1728 0.228257 0.476508
1729 0.227924 0.476508
1730 0.227591 0.476508
1731 0.227591 0.476508
1732 0.227591 0.476508
1733 0.227591 0.476508
1734 0.227591 0.476508
1735 0.227591 0.476508
1736 0.227591 0.476508
1737 0.226924 0.476508
1738 0.226924 0.476508
1739 0.226924 0.476508
1740 0.226591 0.476508
1741 0.226258 0.476508
1742 0.226591 0.476508
1743 0.226591 0.476508
1744 0.226591 0.476508
1745 0.226591 0.476508
1746 0.226591 0.476508
1747 0.226591 0.476508
1748 0.226258 0.476508
1749 0.226258 0.476508
1750 0.225591 0.476508
1751 0.225591 0.476508
1752 0.225591 0.476508
1753 0.225591 0.476508
1754 0.225925 0.476508
1755 0.225925 0.476508
1756 0.225925 0.476508
1757 0.225925 0.476508
1758 0.225925 0.476508
1759 0.225925 0.476508
1760 0.225925 0.476508
1761 0.225925 0.476508
1762 0.225925 0.476508
1763 0.225925 0.476508
1764 0.225925 0.476508
1765 0.225925 0.476508
1766 0.225925 0.476508
1767 0.225925 0.476508
1768 0.225925 0.476508
1769 0.225925 0.476508
1770 0.225925 0.476508
1771 0.225925 0.476508
1772 0.225925 0.476508
1773 0.225925 0.476508
1774 0.225925 0.476175
1775 0.225925 0.476175
1776 0.225258 0.476175
1777 0.225258 0.476175
1778 0.225258 0.476175
1779 0.224925 0.476175
1780 0.225258 0.476175
1781 0.225258 0.476175
1782 0.224925 0.476508
1783 0.224925 0.476508
1784 0.224925 0.476508
1785 0.224925 0.476508
1786 0.224925 0.476508
1787 0.224925 0.476508
1788 0.224925 0.476508
1789 0.224592 0.476508
1790 0.224592 0.476508
1791 0.224592 0.476508
1792 0.224592 0.476508
1793 0.224592 0.476508
1794 0.224592 0.476175
1795 0.224592 0.476175
1796 0.224592 0.476175
1797 0.224592 0.476175
1798 0.224592 0.476508
1799 0.224592 0.476175
1800 0.224592 0.476175
1801 0.224592 0.476175
1802 0.224592 0.476175
1803 0.224259 0.476175
1804 0.224259 0.476508
1805 0.223925 0.476175
1806 0.223925 0.476175
1807 0.223592 0.476175
1808 0.223592 0.476175
1809 0.223592 0.476175
1810 0.223592 0.476175
1811 0.223259 0.476508
1812 0.223259 0.476175
1813 0.223259 0.476175
1814 0.223259 0.476175
1815 0.223259 0.476508
1816 0.223259 0.476508
1817 0.223259 0.476508
1818 0.223259 0.476508
1819 0.223259 0.476508
1820 0.223259 0.476508
1821 0.223259 0.476508
1822 0.223259 0.476508
1823 0.223259 0.476508
1824 0.223259 0.476508
1825 0.223259 0.476508
1826 0.223259 0.476508
1827 0.223259 0.476508
1828 0.222592 0.476175
1829 0.222259 0.476508
1830 0.221926 0.476508
1831 0.221926 0.476508
1832 0.221926 0.476508
1833 0.221926 0.476508
1834 0.221926 0.476508
1835 0.221593 0.476508
1836 0.221926 0.476508
1837 0.221926 0.476508
1838 0.221926 0.476508
1839 0.221926 0.476508
1840 0.221926 0.476508
1841 0.221926 0.476508
1842 0.221926 0.476508
1843 0.221926 0.476508
1844 0.221926 0.476508
1845 0.222592 0.476508
1846 0.222592 0.476508
1847 0.222592 0.476508
1848 0.222592 0.476508
1849 0.222592 0.476508
1850 0.222592 0.476508
1851 0.222592 0.476508
1852 0.222592 0.476508
1853 0.222592 0.476508
1854 0.222592 0.476508
1855 0.222592 0.476508
1856 0.222592 0.476508
1857 0.222592 0.476508
1858 0.222592 0.476508
1859 0.222592 0.476508
1860 0.222592 0.476508
1861 0.222592 0.476175
1862 0.222592 0.476508
1863 0.222592 0.476175
1864 0.222592 0.476175
1865 0.222592 0.476175
1866 0.222592 0.476175
1867 0.222259 0.476175
1868 0.222259 0.476175
1869 0.222259 0.476175
1870 0.221926 0.476175
1871 0.221593 0.476175
1872 0.221593 0.476175
1873 0.221593 0.476175
1874 0.221593 0.476175
1875 0.221593 0.476175
1876 0.221593 0.476175
1877 0.221593 0.476175
1878 0.221593 0.476175
1879 0.220593 0.476175
1880 0.220593 0.476175
1881 0.220593 0.476175
1882 0.220593 0.476175
1883 0.220593 0.476175
1884 0.220593 0.476175
1885 0.220593 0.476508
1886 0.220593 0.476175
1887 0.220593 0.476175
1888 0.220593 0.476175
1889 0.220593 0.476175
1890 0.220593 0.476175
1891 0.22026 0.476175
1892 0.22026 0.476175
1893 0.22026 0.475841
1894 0.22026 0.476175
1895 0.22026 0.476175
1896 0.22026 0.476175
1897 0.22026 0.475841
1898 0.219927 0.476175
1899 0.219593 0.476175
1900 0.219593 0.476175
1901 0.219593 0.476175
1902 0.219593 0.475841
1903 0.219593 0.476175
1904 0.219593 0.476175
1905 0.219593 0.476175
1906 0.219593 0.476175
1907 0.219593 0.476175
1908 0.219593 0.475841
1909 0.219593 0.476175
1910 0.219593 0.475841
1911 0.219593 0.476175
1912 0.219593 0.476175
1913 0.219593 0.476175
1914 0.219593 0.476175
1915 0.219593 0.475841
1916 0.219593 0.476175
1917 0.219593 0.476175
1918 0.219593 0.476175
1919 0.219593 0.476175
1920 0.219593 0.476175
1921 0.219593 0.476175
1922 0.219593 0.475841
1923 0.219593 0.476175
1924 0.219593 0.476175
1925 0.219593 0.475841
1926 0.219593 0.475841
1927 0.219593 0.475508
1928 0.219593 0.475175
1929 0.219593 0.475175
1930 0.219593 0.473509
1931 0.219593 0.475175
1932 0.219927 0.473509
1933 0.219927 0.472176
1934 0.219927 0.473176
1935 0.219927 0.472176
1936 0.219927 0.471176
1937 0.219927 0.470843
1938 0.219927 0.46951
1939 0.219927 0.469843
1940 0.219927 0.469177
1941 0.219927 0.467511
1942 0.219927 0.46951
1943 0.219927 0.46951
1944 0.219927 0.46951
1945 0.219927 0.467511
1946 0.219927 0.465178
1947 0.219593 0.464179
1948 0.219927 0.463179
1949 0.219927 0.463845
1950 0.219927 0.463512
1951 0.219927 0.463845
1952 0.22026 0.462512
1953 0.22026 0.459847
1954 0.22026 0.461846
1955 0.22026 0.463845
1956 0.22026 0.464179
1957 0.220593 0.463512
1958 0.220593 0.461513
1959 0.220593 0.463512
1960 0.220593 0.464179
1961 0.220593 0.463179
1962 0.220593 0.463512
1963 0.220593 0.465178
1964 0.220593 0.467178
1965 0.220593 0.468177
1966 0.220593 0.469843
1967 0.220593 0.46951
1968 0.220593 0.46951
1969 0.220926 0.469843
1970 0.220926 0.469843
1971 0.220926 0.471176
1972 0.220926 0.471509
1973 0.220926 0.470843
1974 0.220926 0.469843
1975 0.220593 0.470843
1976 0.220593 0.471176
1977 0.220593 0.470843
1978 0.22026 0.469843
1979 0.22026 0.470843
1980 0.22026 0.46951
1981 0.22026 0.46851
1982 0.22026 0.46951
1983 0.22026 0.470177
1984 0.22026 0.471176
1985 0.22026 0.471509
1986 0.22026 0.472842
1987 0.22026 0.471843
1988 0.22026 0.471176
1989 0.22026 0.471509
1990 0.22026 0.471843
1991 0.22026 0.473176
1992 0.22026 0.474508
1993 0.22026 0.473176
1994 0.219927 0.474842
1995 0.219927 0.475175
1996 0.219927 0.475175
1997 0.219927 0.474842
1998 0.219927 0.475175
1999 0.219927 0.474508
