0 0.467532 0.467532
1 0.467532 0.467532
2 0.467532 0.467532
3 0.467532 0.467532
4 0.467532 0.467532
5 0.467532 0.467532
6 0.467532 0.467532
7 0.467532 0.467532
8 0.467532 0.467532
9 0.467532 0.467532
10 0.467532 0.467532
11 0.467532 0.467532
12 0.467532 0.467532
13 0.467532 0.467532
14 0.467532 0.467532
15 0.467532 0.418581
16 0.467532 0.531469
17 0.467532 0.532468
18 0.467532 0.505495
19 0.467532 0.44955
20 0.467532 0.51049
21 0.467532 0.400599
22 0.467532 0.467532
23 0.467532 0.381618
24 0.467532 0.511489
25 0.467532 0.532468
26 0.467532 0.532468
27 0.467532 0.532468
28 0.467532 0.532468
29 0.467532 0.532468
30 0.467532 0.532468
31 0.467532 0.532468
32 0.467532 0.532468
33 0.467532 0.532468
34 0.467532 0.532468
35 0.467532 0.532468
36 0.467532 0.532468
37 0.467532 0.532468
38 0.467532 0.430569
39 0.467532 0.407592
40 0.467532 0.467532
41 0.467532 0.403596
42 0.467532 0.466533
43 0.467532 0.467532
44 0.467532 0.467532
45 0.467532 0.467532
46 0.467532 0.465534
47 0.467532 0.467532
48 0.467532 0.467532
49 0.467532 0.467532
50 0.467532 0.467532
51 0.467532 0.467532
52 0.467532 0.467532
53 0.467532 0.467532
54 0.467532 0.467532
55 0.467532 0.467532
56 0.467532 0.467532
57 0.467532 0.467532
58 0.467532 0.467532
59 0.467532 0.467532
60 0.467532 0.467532
61 0.467532 0.467532
62 0.467532 0.467532
63 0.467532 0.467532
64 0.467532 0.467532
65 0.467532 0.467532
66 0.467532 0.467532
67 0.467532 0.467532
68 0.467532 0.453546
69 0.467532 0.374625
70 0.467532 0.312687
71 0.467532 0.393606
72 0.467532 0.313686
73 0.467532 0.428571
74 0.467532 0.310689
75 0.467532 0.393606
76 0.467532 0.521479
77 0.467532 0.532468
78 0.467532 0.528472
79 0.467532 0.448551
80 0.467532 0.303696
81 0.467532 0.516484
82 0.467532 0.324675
83 0.467532 0.324675
84 0.467532 0.446553
85 0.467532 0.467532
86 0.467532 0.467532
87 0.467532 0.467532
88 0.467532 0.467532
89 0.467532 0.467532
90 0.467532 0.467532
91 0.467532 0.467532
92 0.467532 0.467532
93 0.467532 0.467532
94 0.467532 0.467532
95 0.467532 0.467532
96 0.467532 0.467532
97 0.467532 0.467532
98 0.467532 0.467532
99 0.467532 0.467532
100 0.467532 0.467532
101 0.467532 0.467532
102 0.467532 0.467532
103 0.467532 0.467532
104 0.467532 0.467532
105 0.467532 0.467532
106 0.467532 0.467532
107 0.467532 0.467532
108 0.467532 0.467532
109 0.467532 0.467532
110 0.467532 0.467532
111 0.467532 0.467532
112 0.467532 0.467532
113 0.467532 0.467532
114 0.467532 0.467532
115 0.467532 0.467532
116 0.467532 0.467532
117 0.467532 0.467532
118 0.467532 0.467532
119 0.467532 0.467532
120 0.467532 0.467532
121 0.467532 0.467532
122 0.467532 0.467532
123 0.467532 0.467532
124 0.467532 0.467532
125 0.467532 0.467532
126 0.467532 0.467532
127 0.467532 0.467532
128 0.467532 0.467532
129 0.467532 0.467532
130 0.467532 0.467532
131 0.467532 0.467532
132 0.467532 0.467532
133 0.467532 0.467532
134 0.467532 0.467532
135 0.467532 0.467532
136 0.467532 0.467532
137 0.467532 0.467532
138 0.467532 0.467532
139 0.467532 0.467532
140 0.467532 0.467532
141 0.467532 0.467532
142 0.467532 0.467532
143 0.467532 0.467532
144 0.467532 0.467532
145 0.467532 0.467532
146 0.467532 0.467532
147 0.467532 0.467532
148 0.467532 0.467532
149 0.467532 0.467532
150 0.467532 0.467532
151 0.467532 0.467532
152 0.467532 0.467532
153 0.467532 0.467532
154 0.467532 0.467532
155 0.467532 0.467532
156 0.467532 0.467532
157 0.467532 0.467532
158 0.467532 0.467532
159 0.467532 0.467532
160 0.467532 0.467532
161 0.467532 0.467532
162 0.467532 0.467532
163 0.467532 0.467532
164 0.467532 0.467532
165 0.467532 0.467532
166 0.467532 0.467532
167 0.467532 0.467532
168 0.467532 0.467532
169 0.467532 0.467532
170 0.467532 0.467532
171 0.467532 0.467532
172 0.467532 0.467532
173 0.467532 0.467532
174 0.467532 0.467532
175 0.467532 0.467532
176 0.466533 0.467532
177 0.466533 0.467532
178 0.466533 0.467532
179 0.466533 0.467532
180 0.466533 0.467532
181 0.466533 0.467532
182 0.466533 0.467532
183 0.466533 0.467532
184 0.466533 0.467532
185 0.466533 0.467532
186 0.466533 0.467532
187 0.466533 0.467532
188 0.466533 0.467532
189 0.466533 0.467532
190 0.466533 0.467532
191 0.466533 0.467532
192 0.466533 0.467532
193 0.466533 0.467532
194 0.466533 0.467532
195 0.466533 0.467532
196 0.466533 0.467532
197 0.465534 0.467532
198 0.465534 0.467532
199 0.465534 0.467532
200 0.465534 0.467532
201 0.465534 0.467532
202 0.464535 0.467532
203 0.464535 0.467532
204 0.464535 0.467532
205 0.464535 0.467532
206 0.463536 0.467532
207 0.463536 0.467532
208 0.463536 0.467532
209 0.463536 0.467532
210 0.463536 0.467532
211 0.461538 0.467532
212 0.461538 0.467532
213 0.461538 0.467532
214 0.461538 0.467532
215 0.461538 0.467532
216 0.461538 0.467532
217 0.461538 0.467532
218 0.461538 0.467532
219 0.461538 0.467532
220 0.461538 0.467532
221 0.461538 0.467532
222 0.461538 0.467532
223 0.460539 0.467532
224 0.460539 0.467532
225 0.460539 0.467532
226 0.460539 0.467532
227 0.457542 0.467532
228 0.456543 0.467532
229 0.456543 0.467532
230 0.455544 0.467532
231 0.455544 0.467532
232 0.455544 0.467532
233 0.455544 0.467532
234 0.455544 0.467532
235 0.455544 0.467532
236 0.455544 0.467532
237 0.454545 0.467532
238 0.454545 0.467532
239 0.454545 0.467532
240 0.453546 0.467532
241 0.453546 0.467532
242 0.453546 0.467532
243 0.453546 0.467532
244 0.453546 0.467532
245 0.453546 0.467532
246 0.453546 0.467532
247 0.451548 0.467532
248 0.451548 0.467532
249 0.450549 0.467532
250 0.450549 0.467532
251 0.447552 0.467532
252 0.447552 0.467532
253 0.447552 0.467532
254 0.446553 0.467532
255 0.446553 0.467532
256 0.445554 0.467532
257 0.445554 0.467532
258 0.444555 0.467532
259 0.443556 0.467532
260 0.443556 0.467532
261 0.443556 0.467532
262 0.443556 0.467532
263 0.442557 0.467532
264 0.442557 0.467532
265 0.441558 0.467532
266 0.440559 0.467532
267 0.440559 0.467532
268 0.438561 0.467532
269 0.437562 0.467532
270 0.437562 0.467532
271 0.437562 0.467532
272 0.438561 0.467532
273 0.438561 0.467532
274 0.438561 0.467532
275 0.438561 0.467532
276 0.438561 0.467532
277 0.437562 0.467532
278 0.437562 0.467532
279 0.436563 0.467532
280 0.436563 0.467532
281 0.436563 0.467532
282 0.436563 0.467532
283 0.436563 0.467532
284 0.436563 0.467532
285 0.435564 0.467532
286 0.434565 0.467532
287 0.434565 0.467532
288 0.434565 0.467532
289 0.434565 0.467532
290 0.434565 0.467532
291 0.433566 0.467532
292 0.433566 0.467532
293 0.432567 0.467532
294 0.432567 0.467532
295 0.431568 0.467532
296 0.431568 0.467532
297 0.431568 0.467532
298 0.431568 0.467532
299 0.431568 0.467532
300 0.431568 0.467532
301 0.430569 0.467532
302 0.42957 0.467532
303 0.428571 0.467532
304 0.428571 0.467532
305 0.428571 0.467532
306 0.427572 0.467532
307 0.426573 0.467532
308 0.426573 0.467532
309 0.426573 0.467532
310 0.426573 0.467532
311 0.425574 0.467532
312 0.424575 0.467532
313 0.424575 0.467532
314 0.423576 0.467532
315 0.423576 0.467532
316 0.423576 0.467532
317 0.423576 0.467532
318 0.424575 0.467532
319 0.424575 0.467532
320 0.424575 0.467532
321 0.424575 0.467532
322 0.423576 0.467532
323 0.423576 0.467532
324 0.423576 0.467532
325 0.423576 0.467532
326 0.423576 0.467532
327 0.422577 0.467532
328 0.422577 0.467532
329 0.422577 0.467532
330 0.422577 0.467532
331 0.422577 0.467532
332 0.421578 0.467532
333 0.421578 0.467532
334 0.420579 0.467532
335 0.41958 0.467532
336 0.418581 0.467532
337 0.418581 0.467532
338 0.418581 0.467532
339 0.417582 0.467532
340 0.417582 0.467532
341 0.417582 0.467532
342 0.417582 0.466533
343 0.417582 0.467532
344 0.417582 0.467532
345 0.416583 0.467532
346 0.415584 0.467532
347 0.414585 0.467532
348 0.414585 0.467532
349 0.412587 0.467532
350 0.412587 0.467532
351 0.410589 0.467532
352 0.410589 0.467532
353 0.40959 0.467532
354 0.408591 0.467532
355 0.408591 0.467532
356 0.408591 0.467532
357 0.407592 0.467532
358 0.407592 0.467532
359 0.407592 0.467532
360 0.407592 0.467532
361 0.406593 0.467532
362 0.405594 0.467532
363 0.405594 0.467532
364 0.403596 0.467532
365 0.403596 0.467532
366 0.403596 0.467532
367 0.403596 0.467532
368 0.403596 0.467532
369 0.403596 0.467532
370 0.402597 0.467532
371 0.402597 0.467532
372 0.400599 0.467532
373 0.400599 0.467532
374 0.400599 0.467532
375 0.400599 0.467532
376 0.400599 0.467532
377 0.3996 0.467532
378 0.398601 0.467532
379 0.396603 0.467532
380 0.395604 0.467532
381 0.393606 0.467532
382 0.393606 0.467532
383 0.392607 0.467532
384 0.392607 0.467532
385 0.392607 0.467532
386 0.392607 0.467532
387 0.392607 0.467532
388 0.392607 0.467532
389 0.392607 0.467532
390 0.391608 0.467532
391 0.391608 0.467532
392 0.391608 0.467532
393 0.390609 0.467532
394 0.390609 0.467532
395 0.390609 0.467532
396 0.390609 0.467532
397 0.390609 0.467532
398 0.38961 0.467532
399 0.388611 0.466533
400 0.387612 0.464535
401 0.387612 0.467532
402 0.387612 0.467532
403 0.386613 0.467532
404 0.385614 0.467532
405 0.385614 0.466533
406 0.385614 0.463536
407 0.385614 0.466533
408 0.385614 0.462537
409 0.386613 0.466533
410 0.384615 0.463536
411 0.384615 0.45954
412 0.383616 0.447552
413 0.382617 0.45954
414 0.382617 0.461538
415 0.382617 0.466533
416 0.382617 0.461538
417 0.381618 0.466533
418 0.382617 0.462537
419 0.382617 0.458541
420 0.382617 0.463536
421 0.382617 0.466533
422 0.382617 0.461538
423 0.382617 0.465534
424 0.382617 0.461538
425 0.382617 0.466533
426 0.382617 0.467532
427 0.381618 0.466533
428 0.381618 0.467532
429 0.381618 0.467532
430 0.380619 0.467532
431 0.380619 0.467532
432 0.380619 0.467532
433 0.381618 0.467532
434 0.377622 0.467532
435 0.377622 0.467532
436 0.377622 0.467532
437 0.377622 0.467532
438 0.377622 0.467532
439 0.377622 0.467532
440 0.378621 0.467532
441 0.378621 0.467532
442 0.378621 0.467532
443 0.377622 0.467532
444 0.377622 0.467532
445 0.377622 0.467532
446 0.377622 0.467532
447 0.376623 0.467532
448 0.376623 0.467532
449 0.376623 0.467532
450 0.376623 0.467532
451 0.373626 0.467532
452 0.373626 0.467532
453 0.373626 0.467532
454 0.373626 0.467532
455 0.373626 0.467532
456 0.373626 0.467532
457 0.372627 0.467532
458 0.371628 0.467532
459 0.371628 0.467532
460 0.371628 0.467532
461 0.372627 0.467532
462 0.371628 0.467532
463 0.371628 0.467532
464 0.371628 0.467532
465 0.370629 0.467532
466 0.370629 0.467532
467 0.371628 0.467532
468 0.370629 0.467532
469 0.371628 0.467532
470 0.371628 0.467532
471 0.371628 0.467532
472 0.371628 0.467532
473 0.370629 0.467532
474 0.370629 0.467532
475 0.368631 0.467532
476 0.368631 0.467532
477 0.368631 0.467532
478 0.368631 0.467532
479 0.367632 0.467532
480 0.367632 0.467532
481 0.367632 0.467532
482 0.367632 0.467532
483 0.367632 0.467532
484 0.367632 0.467532
485 0.366633 0.467532
486 0.366633 0.467532
487 0.366633 0.467532
488 0.366633 0.467532
489 0.367632 0.467532
490 0.366633 0.467532
491 0.366633 0.467532
492 0.366633 0.467532
493 0.366633 0.467532
494 0.366633 0.467532
495 0.366633 0.467532
496 0.366633 0.467532
497 0.364635 0.467532
498 0.362637 0.467532
499 0.362637 0.467532
500 0.362637 0.467532
501 0.362637 0.467532
502 0.362637 0.467532
503 0.362637 0.467532
504 0.361638 0.467532
505 0.360639 0.467532
506 0.35964 0.467532
507 0.35964 0.467532
508 0.35964 0.467532
509 0.35964 0.467532
510 0.35964 0.467532
511 0.35964 0.467532
512 0.35964 0.467532
513 0.358641 0.467532
514 0.358641 0.467532
515 0.35964 0.467532
516 0.357642 0.467532
517 0.357642 0.467532
518 0.356643 0.467532
519 0.356643 0.467532
520 0.355644 0.467532
521 0.355644 0.467532
522 0.355644 0.467532
523 0.355644 0.467532
524 0.355644 0.467532
525 0.354645 0.467532
526 0.354645 0.467532
527 0.354645 0.467532
528 0.354645 0.467532
529 0.354645 0.467532
530 0.354645 0.467532
531 0.354645 0.467532
532 0.354645 0.467532
533 0.354645 0.467532
534 0.354645 0.467532
535 0.354645 0.467532
536 0.353646 0.467532
537 0.351648 0.467532
538 0.352647 0.467532
539 0.352647 0.467532
540 0.352647 0.467532
541 0.352647 0.467532
542 0.352647 0.467532
543 0.351648 0.467532
544 0.350649 0.467532
545 0.350649 0.467532
546 0.348651 0.467532
547 0.348651 0.467532
548 0.348651 0.467532
549 0.348651 0.467532
550 0.348651 0.467532
551 0.347652 0.467532
552 0.347652 0.467532
553 0.346653 0.467532
554 0.346653 0.467532
555 0.346653 0.467532
556 0.346653 0.467532
557 0.346653 0.467532
558 0.346653 0.467532
559 0.346653 0.467532
560 0.345654 0.467532
561 0.346653 0.467532
562 0.345654 0.467532
563 0.345654 0.467532
564 0.344655 0.467532
565 0.344655 0.467532
566 0.344655 0.467532
567 0.344655 0.467532
568 0.344655 0.467532
569 0.343656 0.467532
570 0.342657 0.467532
571 0.342657 0.467532
572 0.342657 0.467532
573 0.342657 0.467532
574 0.342657 0.467532
575 0.343656 0.467532
576 0.343656 0.467532
577 0.343656 0.467532
578 0.343656 0.467532
579 0.343656 0.467532
580 0.343656 0.467532
581 0.343656 0.467532
582 0.343656 0.467532
583 0.343656 0.467532
584 0.343656 0.467532
585 0.343656 0.467532
586 0.343656 0.467532
587 0.342657 0.467532
588 0.342657 0.467532
589 0.342657 0.467532
590 0.341658 0.467532
591 0.341658 0.467532
592 0.341658 0.467532
593 0.340659 0.467532
594 0.33966 0.467532
595 0.33966 0.467532
596 0.33966 0.467532
597 0.33966 0.467532
598 0.33966 0.467532
599 0.33966 0.467532
600 0.340659 0.467532
601 0.340659 0.467532
602 0.340659 0.467532
603 0.340659 0.467532
604 0.340659 0.467532
605 0.33966 0.467532
606 0.33966 0.467532
607 0.33966 0.467532
608 0.33966 0.467532
609 0.340659 0.467532
610 0.338661 0.467532
611 0.338661 0.467532
612 0.337662 0.467532
613 0.337662 0.467532
614 0.337662 0.467532
615 0.337662 0.467532
616 0.336663 0.467532
617 0.336663 0.467532
618 0.336663 0.467532
619 0.336663 0.467532
620 0.336663 0.467532
621 0.336663 0.467532
622 0.336663 0.467532
623 0.336663 0.467532
624 0.336663 0.467532
625 0.336663 0.467532
626 0.336663 0.467532
627 0.336663 0.467532
628 0.335664 0.467532
629 0.335664 0.467532
630 0.334665 0.467532
631 0.334665 0.467532
632 0.332667 0.467532
633 0.332667 0.467532
634 0.332667 0.467532
635 0.333666 0.467532
636 0.333666 0.467532
637 0.333666 0.467532
638 0.333666 0.467532
639 0.333666 0.467532
640 0.332667 0.467532
641 0.333666 0.467532
642 0.333666 0.467532
643 0.333666 0.467532
644 0.333666 0.467532
645 0.331668 0.467532
646 0.331668 0.467532
647 0.331668 0.467532
648 0.331668 0.467532
649 0.331668 0.467532
650 0.330669 0.467532
651 0.330669 0.467532
652 0.32967 0.467532
653 0.32967 0.467532
654 0.32967 0.467532
655 0.32967 0.467532
656 0.328671 0.467532
657 0.327672 0.467532
658 0.326673 0.467532
659 0.325674 0.467532
660 0.325674 0.467532
661 0.325674 0.467532
662 0.323676 0.467532
663 0.323676 0.467532
664 0.322677 0.467532
665 0.323676 0.467532
666 0.322677 0.467532
667 0.321678 0.467532
668 0.320679 0.467532
669 0.320679 0.467532
670 0.31968 0.467532
671 0.31968 0.467532
672 0.317682 0.467532
673 0.317682 0.467532
674 0.317682 0.467532
675 0.317682 0.467532
676 0.316683 0.467532
677 0.316683 0.467532
678 0.316683 0.467532
679 0.316683 0.467532
680 0.316683 0.467532
681 0.316683 0.467532
682 0.316683 0.467532
683 0.315684 0.467532
684 0.315684 0.467532
685 0.315684 0.467532
686 0.315684 0.467532
687 0.313686 0.467532
688 0.312687 0.467532
689 0.311688 0.467532
690 0.311688 0.467532
691 0.311688 0.467532
692 0.311688 0.467532
693 0.311688 0.467532
694 0.310689 0.467532
695 0.310689 0.467532
696 0.310689 0.467532
697 0.310689 0.467532
698 0.310689 0.467532
699 0.30969 0.467532
700 0.30969 0.467532
701 0.30969 0.467532
702 0.30969 0.467532
703 0.308691 0.467532
704 0.306693 0.467532
705 0.307692 0.467532
706 0.307692 0.467532
707 0.307692 0.467532
708 0.305694 0.467532
709 0.305694 0.467532
710 0.305694 0.467532
711 0.304695 0.467532
712 0.304695 0.467532
713 0.303696 0.467532
714 0.303696 0.467532
715 0.303696 0.467532
716 0.303696 0.467532
717 0.303696 0.467532
718 0.303696 0.467532
719 0.303696 0.467532
720 0.303696 0.467532
721 0.303696 0.467532
722 0.303696 0.467532
723 0.303696 0.467532
724 0.303696 0.467532
725 0.303696 0.467532
726 0.303696 0.467532
727 0.301698 0.467532
728 0.301698 0.467532
729 0.300699 0.467532
730 0.300699 0.467532
731 0.300699 0.467532
732 0.300699 0.467532
733 0.2997 0.467532
734 0.2997 0.467532
735 0.2997 0.467532
736 0.2997 0.467532
737 0.2997 0.467532
738 0.298701 0.467532
739 0.298701 0.467532
740 0.298701 0.467532
741 0.298701 0.467532
742 0.298701 0.467532
743 0.298701 0.467532
744 0.298701 0.467532
745 0.297702 0.467532
746 0.297702 0.467532
747 0.297702 0.467532
748 0.296703 0.467532
749 0.296703 0.467532
750 0.296703 0.467532
751 0.296703 0.467532
752 0.296703 0.467532
753 0.296703 0.467532
754 0.296703 0.467532
755 0.296703 0.467532
756 0.296703 0.467532
757 0.296703 0.467532
758 0.295704 0.467532
759 0.295704 0.467532
760 0.295704 0.467532
761 0.295704 0.467532
762 0.294705 0.467532
763 0.294705 0.467532
764 0.294705 0.467532
765 0.294705 0.467532
766 0.294705 0.467532
767 0.293706 0.467532
768 0.293706 0.467532
769 0.293706 0.467532
770 0.293706 0.467532
771 0.294705 0.467532
772 0.294705 0.467532
773 0.294705 0.467532
774 0.294705 0.467532
775 0.294705 0.467532
776 0.294705 0.467532
777 0.294705 0.467532
778 0.294705 0.467532
779 0.292707 0.467532
780 0.292707 0.467532
781 0.292707 0.467532
782 0.292707 0.467532
783 0.292707 0.467532
784 0.292707 0.467532
785 0.292707 0.467532
786 0.292707 0.467532
787 0.292707 0.467532
788 0.292707 0.467532
789 0.292707 0.467532
790 0.292707 0.467532
791 0.292707 0.467532
792 0.291708 0.467532
793 0.291708 0.467532
794 0.291708 0.467532
795 0.291708 0.467532
796 0.291708 0.467532
797 0.291708 0.467532
798 0.290709 0.467532
799 0.290709 0.467532
800 0.28971 0.467532
801 0.28971 0.467532
802 0.28971 0.467532
803 0.28971 0.467532
804 0.288711 0.467532
805 0.287712 0.467532
806 0.287712 0.467532
807 0.287712 0.467532
808 0.287712 0.467532
809 0.287712 0.467532
810 0.286713 0.467532
811 0.286713 0.467532
812 0.286713 0.467532
813 0.286713 0.467532
814 0.286713 0.467532
815 0.286713 0.467532
816 0.286713 0.467532
817 0.286713 0.467532
818 0.286713 0.467532
819 0.286713 0.467532
820 0.285714 0.467532
821 0.285714 0.467532
822 0.285714 0.467532
823 0.284715 0.467532
824 0.284715 0.467532
825 0.284715 0.467532
826 0.284715 0.467532
827 0.284715 0.467532
828 0.284715 0.467532
829 0.284715 0.467532
830 0.283716 0.467532
831 0.282717 0.467532
832 0.282717 0.467532
833 0.282717 0.467532
834 0.282717 0.467532
835 0.282717 0.467532
836 0.282717 0.467532
837 0.282717 0.467532
838 0.282717 0.467532
839 0.282717 0.467532
840 0.282717 0.467532
841 0.283716 0.467532
842 0.283716 0.467532
843 0.283716 0.467532
844 0.283716 0.467532
845 0.282717 0.467532
846 0.282717 0.467532
847 0.282717 0.467532
848 0.281718 0.467532
849 0.280719 0.467532
850 0.27972 0.467532
851 0.27972 0.467532
852 0.27972 0.467532
853 0.27972 0.467532
854 0.27972 0.467532
855 0.27972 0.467532
856 0.27972 0.467532
857 0.277722 0.467532
858 0.277722 0.467532
859 0.277722 0.467532
860 0.277722 0.467532
861 0.277722 0.467532
862 0.277722 0.467532
863 0.277722 0.467532
864 0.277722 0.467532
865 0.277722 0.467532
866 0.277722 0.467532
867 0.277722 0.467532
868 0.277722 0.467532
869 0.276723 0.467532
870 0.276723 0.467532
871 0.276723 0.467532
872 0.276723 0.467532
873 0.276723 0.467532
874 0.275724 0.467532
875 0.275724 0.467532
876 0.275724 0.467532
877 0.275724 0.467532
878 0.275724 0.467532
879 0.275724 0.467532
880 0.275724 0.467532
881 0.274725 0.467532
882 0.274725 0.467532
883 0.274725 0.467532
884 0.274725 0.467532
885 0.274725 0.467532
886 0.274725 0.467532
887 0.274725 0.467532
888 0.274725 0.467532
889 0.274725 0.467532
890 0.273726 0.467532
891 0.273726 0.467532
892 0.273726 0.467532
893 0.273726 0.467532
894 0.273726 0.467532
895 0.273726 0.467532
896 0.274725 0.467532
897 0.275724 0.467532
898 0.275724 0.467532
899 0.276723 0.467532
900 0.276723 0.467532
901 0.275724 0.467532
902 0.275724 0.467532
903 0.275724 0.467532
904 0.275724 0.467532
905 0.275724 0.467532
906 0.275724 0.467532
907 0.275724 0.467532
908 0.275724 0.467532
909 0.275724 0.467532
910 0.275724 0.467532
911 0.275724 0.467532
912 0.273726 0.467532
913 0.273726 0.467532
914 0.273726 0.467532
915 0.273726 0.467532
916 0.273726 0.467532
917 0.272727 0.467532
918 0.272727 0.467532
919 0.272727 0.467532
920 0.272727 0.467532
921 0.272727 0.467532
922 0.272727 0.467532
923 0.272727 0.467532
924 0.272727 0.467532
925 0.272727 0.467532
926 0.272727 0.467532
927 0.271728 0.467532
928 0.271728 0.467532
929 0.271728 0.467532
930 0.271728 0.467532
931 0.271728 0.467532
932 0.271728 0.467532
933 0.271728 0.467532
934 0.271728 0.467532
935 0.271728 0.467532
936 0.270729 0.467532
937 0.26973 0.467532
938 0.26973 0.467532
939 0.268731 0.467532
940 0.266733 0.467532
941 0.266733 0.467532
942 0.266733 0.467532
943 0.266733 0.467532
944 0.265734 0.467532
945 0.266733 0.467532
946 0.266733 0.467532
947 0.266733 0.467532
948 0.266733 0.467532
949 0.266733 0.467532
950 0.266733 0.467532
951 0.266733 0.467532
952 0.266733 0.466533
953 0.265734 0.467532
954 0.265734 0.467532
955 0.265734 0.467532
956 0.265734 0.467532
957 0.265734 0.466533
958 0.265734 0.467532
959 0.265734 0.467532
960 0.265734 0.467532
961 0.265734 0.467532
962 0.265734 0.467532
963 0.264735 0.467532
964 0.264735 0.467532
965 0.264735 0.467532
966 0.264735 0.467532
967 0.264735 0.467532
968 0.264735 0.467532
969 0.264735 0.467532
970 0.264735 0.467532
971 0.264735 0.467532
972 0.264735 0.467532
973 0.264735 0.467532
974 0.264735 0.467532
975 0.264735 0.467532
976 0.264735 0.467532
977 0.264735 0.467532
978 0.265734 0.467532
979 0.265734 0.467532
980 0.265734 0.467532
981 0.265734 0.467532
982 0.265734 0.467532
983 0.265734 0.467532
984 0.265734 0.467532
985 0.265734 0.467532
986 0.266733 0.467532
987 0.265734 0.467532
988 0.265734 0.467532
989 0.265734 0.467532
990 0.265734 0.467532
991 0.265734 0.467532
992 0.265734 0.467532
993 0.265734 0.467532
994 0.265734 0.467532
995 0.265734 0.467532
996 0.265734 0.467532
997 0.265734 0.467532
998 0.265734 0.467532
999 0.265734 0.467532
1000 0.265734 0.467532
1001 0.265734 0.467532
1002 0.265734 0.467532
1003 0.265734 0.467532
1004 0.265734 0.467532
1005 0.265734 0.467532
1006 0.265734 0.467532
1007 0.264735 0.467532
1008 0.264735 0.467532
1009 0.264735 0.467532
1010 0.264735 0.467532
1011 0.264735 0.467532
1012 0.264735 0.467532
1013 0.264735 0.467532
1014 0.264735 0.467532
1015 0.263736 0.467532
1016 0.263736 0.467532
1017 0.263736 0.467532
1018 0.263736 0.467532
1019 0.263736 0.467532
1020 0.263736 0.467532
1021 0.263736 0.467532
1022 0.263736 0.467532
1023 0.263736 0.467532
1024 0.262737 0.467532
1025 0.262737 0.467532
1026 0.262737 0.467532
1027 0.262737 0.467532
1028 0.262737 0.467532
1029 0.262737 0.467532
1030 0.261738 0.467532
1031 0.260739 0.467532
1032 0.260739 0.467532
1033 0.260739 0.467532
1034 0.260739 0.467532
1035 0.260739 0.467532
1036 0.260739 0.467532
1037 0.25974 0.467532
1038 0.25974 0.467532
1039 0.25974 0.467532
1040 0.25974 0.467532
1041 0.258741 0.467532
1042 0.258741 0.467532
1043 0.258741 0.467532
1044 0.258741 0.467532
1045 0.258741 0.467532
1046 0.258741 0.467532
1047 0.258741 0.467532
1048 0.256743 0.467532
1049 0.256743 0.467532
1050 0.256743 0.467532
1051 0.256743 0.467532
1052 0.255744 0.467532
1053 0.255744 0.467532
1054 0.255744 0.467532
1055 0.255744 0.467532
1056 0.255744 0.467532
1057 0.254745 0.467532
1058 0.254745 0.467532
1059 0.254745 0.467532
1060 0.254745 0.467532
1061 0.252747 0.467532
1062 0.251748 0.467532
1063 0.251748 0.467532
1064 0.251748 0.467532
1065 0.251748 0.467532
1066 0.251748 0.467532
1067 0.251748 0.467532
1068 0.252747 0.467532
1069 0.252747 0.467532
1070 0.252747 0.467532
1071 0.252747 0.467532
1072 0.251748 0.467532
1073 0.250749 0.467532
1074 0.24975 0.467532
1075 0.24975 0.467532
1076 0.24975 0.467532
1077 0.24975 0.467532
1078 0.24975 0.467532
1079 0.24975 0.467532
1080 0.24975 0.467532
1081 0.24975 0.467532
1082 0.24975 0.467532
1083 0.24975 0.467532
1084 0.24975 0.467532
1085 0.24975 0.467532
1086 0.24975 0.467532
1087 0.24975 0.467532
1088 0.24975 0.467532
1089 0.24975 0.467532
1090 0.24975 0.467532
1091 0.24975 0.467532
1092 0.24975 0.467532
1093 0.247752 0.467532
1094 0.247752 0.467532
1095 0.247752 0.467532
1096 0.247752 0.467532
1097 0.246753 0.467532
1098 0.246753 0.467532
1099 0.246753 0.467532
1100 0.246753 0.467532
1101 0.246753 0.467532
1102 0.246753 0.467532
1103 0.246753 0.467532
1104 0.246753 0.467532
1105 0.246753 0.467532
1106 0.246753 0.467532
1107 0.246753 0.467532
1108 0.245754 0.467532
1109 0.245754 0.467532
1110 0.245754 0.467532
1111 0.245754 0.467532
1112 0.244755 0.467532
1113 0.244755 0.467532
1114 0.244755 0.467532
1115 0.244755 0.467532
1116 0.244755 0.467532
1117 0.244755 0.467532
1118 0.244755 0.467532
1119 0.244755 0.467532
1120 0.244755 0.467532
1121 0.243756 0.467532
1122 0.243756 0.467532
1123 0.243756 0.467532
1124 0.243756 0.467532
1125 0.243756 0.467532
1126 0.242757 0.467532
1127 0.242757 0.467532
1128 0.242757 0.467532
1129 0.242757 0.467532
1130 0.242757 0.467532
1131 0.242757 0.467532
1132 0.242757 0.467532
1133 0.242757 0.467532
1134 0.242757 0.467532
1135 0.242757 0.467532
1136 0.242757 0.467532
1137 0.242757 0.467532
1138 0.242757 0.467532
1139 0.242757 0.467532
1140 0.242757 0.467532
1141 0.242757 0.467532
1142 0.242757 0.467532
1143 0.242757 0.467532
1144 0.242757 0.467532
1145 0.242757 0.467532
1146 0.242757 0.467532
1147 0.242757 0.467532
1148 0.242757 0.467532
1149 0.241758 0.467532
1150 0.241758 0.467532
1151 0.242757 0.467532
1152 0.242757 0.467532
1153 0.243756 0.467532
1154 0.243756 0.467532
1155 0.243756 0.467532
1156 0.243756 0.467532
1157 0.243756 0.467532
1158 0.243756 0.467532
1159 0.243756 0.467532
1160 0.243756 0.467532
1161 0.243756 0.467532
1162 0.243756 0.467532
1163 0.243756 0.467532
1164 0.243756 0.467532
1165 0.243756 0.467532
1166 0.243756 0.467532
1167 0.242757 0.467532
1168 0.242757 0.467532
1169 0.242757 0.467532
1170 0.242757 0.467532
1171 0.243756 0.467532
1172 0.242757 0.467532
1173 0.242757 0.467532
1174 0.242757 0.467532
1175 0.242757 0.467532
1176 0.242757 0.467532
1177 0.242757 0.467532
1178 0.242757 0.467532
1179 0.242757 0.467532
1180 0.241758 0.467532
1181 0.241758 0.467532
1182 0.241758 0.467532
1183 0.241758 0.467532
1184 0.241758 0.467532
1185 0.241758 0.467532
1186 0.241758 0.467532
1187 0.241758 0.467532
1188 0.241758 0.467532
1189 0.240759 0.467532
1190 0.240759 0.467532
1191 0.240759 0.467532
1192 0.240759 0.467532
1193 0.240759 0.467532
1194 0.240759 0.467532
1195 0.240759 0.467532
1196 0.240759 0.467532
1197 0.240759 0.467532
1198 0.240759 0.467532
1199 0.240759 0.467532
1200 0.240759 0.467532
1201 0.240759 0.467532
1202 0.240759 0.467532
1203 0.240759 0.467532
1204 0.240759 0.467532
1205 0.23976 0.467532
1206 0.23976 0.467532
1207 0.23976 0.467532
1208 0.23976 0.467532
1209 0.23976 0.467532
1210 0.23976 0.467532
1211 0.23976 0.467532
1212 0.23976 0.467532
1213 0.23976 0.467532
1214 0.23976 0.467532
1215 0.23976 0.467532
1216 0.23976 0.467532
1217 0.23976 0.467532
1218 0.23976 0.467532
1219 0.23976 0.467532
1220 0.23976 0.467532
1221 0.23976 0.467532
1222 0.23976 0.467532
1223 0.23976 0.467532
1224 0.23976 0.467532
1225 0.23976 0.467532
1226 0.23976 0.467532
1227 0.23976 0.467532
1228 0.23976 0.467532
1229 0.23976 0.467532
1230 0.23976 0.467532
1231 0.23976 0.467532
1232 0.237762 0.467532
1233 0.237762 0.467532
1234 0.237762 0.467532
1235 0.237762 0.467532
1236 0.236763 0.467532
1237 0.236763 0.467532
1238 0.237762 0.467532
1239 0.237762 0.467532
1240 0.237762 0.467532
1241 0.237762 0.467532
1242 0.237762 0.467532
1243 0.237762 0.467532
1244 0.237762 0.467532
1245 0.236763 0.467532
1246 0.236763 0.467532
1247 0.236763 0.467532
1248 0.235764 0.467532
1249 0.235764 0.467532
1250 0.235764 0.467532
1251 0.235764 0.467532
1252 0.235764 0.467532
1253 0.235764 0.467532
1254 0.235764 0.467532
1255 0.235764 0.467532
1256 0.235764 0.467532
1257 0.235764 0.467532
1258 0.235764 0.467532
1259 0.235764 0.467532
1260 0.235764 0.467532
1261 0.235764 0.467532
1262 0.235764 0.467532
1263 0.235764 0.467532
1264 0.235764 0.467532
1265 0.235764 0.467532
1266 0.235764 0.467532
1267 0.235764 0.467532
1268 0.235764 0.467532
1269 0.235764 0.467532
1270 0.235764 0.467532
1271 0.235764 0.467532
1272 0.235764 0.467532
1273 0.235764 0.467532
1274 0.235764 0.467532
1275 0.235764 0.467532
1276 0.235764 0.467532
1277 0.235764 0.467532
1278 0.235764 0.467532
1279 0.235764 0.467532
1280 0.235764 0.467532
1281 0.235764 0.467532
1282 0.235764 0.467532
1283 0.235764 0.467532
1284 0.234765 0.467532
1285 0.234765 0.467532
1286 0.234765 0.467532
1287 0.233766 0.467532
1288 0.233766 0.467532
1289 0.233766 0.467532
1290 0.233766 0.467532
1291 0.233766 0.467532
1292 0.233766 0.467532
1293 0.233766 0.467532
1294 0.233766 0.467532
1295 0.233766 0.467532
1296 0.233766 0.467532
1297 0.233766 0.467532
1298 0.233766 0.467532
1299 0.233766 0.467532
1300 0.233766 0.467532
1301 0.233766 0.467532
1302 0.233766 0.467532
1303 0.233766 0.467532
1304 0.233766 0.467532
1305 0.233766 0.467532
1306 0.232767 0.467532
1307 0.232767 0.467532
1308 0.232767 0.467532
1309 0.232767 0.467532
1310 0.232767 0.467532
1311 0.232767 0.467532
1312 0.232767 0.467532
1313 0.232767 0.467532
1314 0.232767 0.467532
1315 0.231768 0.467532
1316 0.231768 0.467532
1317 0.231768 0.467532
1318 0.231768 0.467532
1319 0.231768 0.467532
1320 0.231768 0.467532
1321 0.231768 0.467532
1322 0.231768 0.467532
1323 0.231768 0.467532
1324 0.231768 0.467532
1325 0.231768 0.467532
1326 0.230769 0.467532
1327 0.230769 0.467532
1328 0.230769 0.467532
1329 0.230769 0.467532
1330 0.22977 0.467532
1331 0.22977 0.467532
1332 0.22977 0.467532
1333 0.22977 0.467532
1334 0.22977 0.467532
1335 0.22977 0.467532
1336 0.22977 0.467532
1337 0.22977 0.467532
1338 0.22977 0.467532
1339 0.22977 0.467532
1340 0.22977 0.467532
1341 0.22977 0.467532
1342 0.22977 0.466533
1343 0.22977 0.465534
1344 0.22977 0.465534
1345 0.22977 0.466533
1346 0.22977 0.467532
1347 0.22977 0.467532
1348 0.22977 0.467532
1349 0.22977 0.466533
1350 0.22977 0.467532
1351 0.22977 0.466533
1352 0.22977 0.467532
1353 0.22977 0.467532
1354 0.22977 0.467532
1355 0.22977 0.466533
1356 0.22977 0.467532
1357 0.22977 0.466533
1358 0.228771 0.467532
1359 0.228771 0.467532
1360 0.228771 0.467532
1361 0.228771 0.467532
1362 0.228771 0.466533
1363 0.228771 0.467532
1364 0.228771 0.466533
1365 0.228771 0.466533
1366 0.228771 0.466533
1367 0.227772 0.467532
1368 0.227772 0.466533
1369 0.227772 0.466533
1370 0.227772 0.466533
1371 0.226773 0.466533
1372 0.226773 0.467532
1373 0.226773 0.466533
1374 0.226773 0.466533
1375 0.226773 0.462537
1376 0.226773 0.465534
1377 0.226773 0.466533
1378 0.226773 0.463536
1379 0.226773 0.460539
1380 0.226773 0.463536
1381 0.226773 0.465534
1382 0.226773 0.466533
1383 0.226773 0.466533
1384 0.225774 0.467532
1385 0.225774 0.467532
1386 0.225774 0.467532
1387 0.225774 0.467532
1388 0.225774 0.467532
1389 0.225774 0.467532
1390 0.225774 0.467532
1391 0.225774 0.467532
1392 0.225774 0.466533
1393 0.225774 0.466533
1394 0.225774 0.466533
1395 0.225774 0.466533
1396 0.225774 0.465534
1397 0.225774 0.466533
1398 0.225774 0.463536
1399 0.225774 0.462537
1400 0.225774 0.460539
1401 0.225774 0.45954
1402 0.225774 0.460539
1403 0.225774 0.463536
1404 0.225774 0.465534
1405 0.225774 0.462537
1406 0.225774 0.460539
1407 0.225774 0.45954
1408 0.225774 0.460539
1409 0.225774 0.458541
1410 0.225774 0.460539
1411 0.225774 0.457542
1412 0.225774 0.455544
1413 0.225774 0.448551
1414 0.225774 0.455544
1415 0.225774 0.457542
1416 0.225774 0.460539
1417 0.225774 0.457542
1418 0.225774 0.45954
1419 0.224775 0.457542
1420 0.224775 0.452547
1421 0.224775 0.457542
1422 0.224775 0.45954
1423 0.223776 0.456543
1424 0.223776 0.45954
1425 0.223776 0.456543
1426 0.223776 0.45954
1427 0.223776 0.460539
1428 0.223776 0.45954
1429 0.223776 0.45954
1430 0.223776 0.462537
1431 0.223776 0.463536
1432 0.223776 0.466533
1433 0.222777 0.466533
1434 0.222777 0.466533
1435 0.222777 0.467532
1436 0.222777 0.466533
1437 0.222777 0.466533
1438 0.222777 0.463536
1439 0.222777 0.462537
1440 0.222777 0.45954
1441 0.222777 0.461538
1442 0.222777 0.462537
1443 0.222777 0.460539
1444 0.222777 0.462537
1445 0.222777 0.465534
1446 0.222777 0.466533
1447 0.222777 0.466533
1448 0.222777 0.466533
1449 0.222777 0.466533
1450 0.222777 0.462537
1451 0.222777 0.466533
1452 0.222777 0.463536
1453 0.222777 0.466533
1454 0.221778 0.463536
1455 0.221778 0.461538
1456 0.221778 0.462537
1457 0.221778 0.466533
1458 0.221778 0.463536
1459 0.221778 0.461538
1460 0.221778 0.462537
1461 0.221778 0.465534
1462 0.221778 0.466533
1463 0.221778 0.467532
1464 0.221778 0.466533
1465 0.221778 0.464535
1466 0.221778 0.466533
1467 0.221778 0.466533
1468 0.221778 0.467532
1469 0.221778 0.467532
1470 0.221778 0.467532
1471 0.220779 0.467532
1472 0.220779 0.467532
1473 0.220779 0.467532
1474 0.220779 0.467532
1475 0.220779 0.467532
1476 0.220779 0.467532
1477 0.220779 0.467532
1478 0.220779 0.467532
1479 0.220779 0.467532
1480 0.220779 0.467532
1481 0.220779 0.467532
1482 0.220779 0.467532
1483 0.220779 0.467532
1484 0.220779 0.467532
1485 0.220779 0.467532
1486 0.220779 0.467532
1487 0.220779 0.467532
1488 0.220779 0.467532
1489 0.220779 0.467532
1490 0.21978 0.467532
1491 0.21978 0.467532
1492 0.21978 0.467532
1493 0.21978 0.467532
1494 0.21978 0.467532
1495 0.21978 0.467532
1496 0.21978 0.467532
1497 0.21978 0.467532
1498 0.21978 0.467532
1499 0.21978 0.467532
1500 0.218781 0.467532
1501 0.218781 0.467532
1502 0.217782 0.467532
1503 0.217782 0.467532
1504 0.217782 0.467532
1505 0.217782 0.467532
1506 0.217782 0.467532
1507 0.217782 0.467532
1508 0.217782 0.467532
1509 0.217782 0.467532
1510 0.217782 0.467532
1511 0.217782 0.467532
1512 0.217782 0.467532
1513 0.217782 0.467532
1514 0.217782 0.467532
1515 0.217782 0.467532
1516 0.217782 0.467532
1517 0.217782 0.467532
1518 0.217782 0.467532
1519 0.217782 0.467532
1520 0.217782 0.467532
1521 0.217782 0.467532
1522 0.217782 0.467532
1523 0.217782 0.467532
1524 0.217782 0.467532
1525 0.217782 0.467532
1526 0.217782 0.467532
1527 0.217782 0.467532
1528 0.217782 0.467532
1529 0.217782 0.467532
1530 0.217782 0.467532
1531 0.217782 0.467532
1532 0.217782 0.467532
1533 0.217782 0.467532
1534 0.217782 0.467532
1535 0.217782 0.467532
1536 0.217782 0.467532
1537 0.217782 0.467532
1538 0.217782 0.467532
1539 0.217782 0.467532
1540 0.217782 0.467532
1541 0.217782 0.467532
1542 0.217782 0.467532
1543 0.217782 0.467532
1544 0.217782 0.467532
1545 0.217782 0.467532
1546 0.217782 0.467532
1547 0.217782 0.467532
1548 0.216783 0.467532
1549 0.216783 0.466533
1550 0.216783 0.466533
1551 0.216783 0.467532
1552 0.216783 0.466533
1553 0.216783 0.466533
1554 0.216783 0.466533
1555 0.216783 0.466533
1556 0.216783 0.466533
1557 0.216783 0.466533
1558 0.214785 0.466533
1559 0.214785 0.466533
1560 0.214785 0.466533
1561 0.214785 0.467532
1562 0.214785 0.467532
1563 0.214785 0.467532
1564 0.214785 0.467532
1565 0.214785 0.467532
1566 0.214785 0.467532
1567 0.214785 0.467532
1568 0.214785 0.466533
1569 0.214785 0.467532
1570 0.214785 0.467532
1571 0.214785 0.467532
1572 0.214785 0.467532
1573 0.214785 0.466533
1574 0.214785 0.466533
1575 0.214785 0.466533
1576 0.214785 0.466533
1577 0.214785 0.466533
1578 0.214785 0.466533
1579 0.214785 0.464535
1580 0.214785 0.462537
1581 0.214785 0.462537
1582 0.214785 0.466533
1583 0.214785 0.462537
1584 0.214785 0.462537
1585 0.214785 0.463536
1586 0.214785 0.462537
1587 0.214785 0.45954
1588 0.214785 0.462537
1589 0.214785 0.462537
1590 0.214785 0.462537
1591 0.214785 0.45954
1592 0.214785 0.461538
1593 0.214785 0.462537
1594 0.214785 0.461538
1595 0.214785 0.462537
1596 0.214785 0.461538
1597 0.214785 0.458541
1598 0.214785 0.461538
1599 0.214785 0.462537
1600 0.214785 0.461538
1601 0.214785 0.462537
1602 0.213786 0.462537
1603 0.213786 0.466533
1604 0.213786 0.462537
1605 0.213786 0.464535
1606 0.213786 0.462537
1607 0.213786 0.464535
1608 0.213786 0.462537
1609 0.213786 0.463536
1610 0.213786 0.466533
1611 0.213786 0.466533
1612 0.213786 0.466533
1613 0.213786 0.467532
1614 0.213786 0.466533
1615 0.213786 0.466533
1616 0.213786 0.467532
1617 0.213786 0.467532
1618 0.213786 0.467532
1619 0.213786 0.466533
1620 0.213786 0.466533
1621 0.213786 0.466533
1622 0.212787 0.464535
1623 0.212787 0.466533
1624 0.212787 0.462537
1625 0.212787 0.462537
1626 0.212787 0.45954
1627 0.212787 0.462537
1628 0.212787 0.462537
1629 0.212787 0.462537
1630 0.212787 0.462537
1631 0.212787 0.462537
1632 0.212787 0.462537
1633 0.211788 0.465534
1634 0.211788 0.462537
1635 0.211788 0.465534
1636 0.211788 0.466533
1637 0.211788 0.466533
1638 0.211788 0.466533
1639 0.211788 0.465534
1640 0.211788 0.466533
1641 0.211788 0.466533
1642 0.211788 0.466533
1643 0.211788 0.465534
1644 0.211788 0.462537
1645 0.211788 0.465534
1646 0.211788 0.462537
1647 0.211788 0.465534
1648 0.211788 0.466533
1649 0.211788 0.465534
1650 0.211788 0.463536
1651 0.211788 0.465534
1652 0.211788 0.466533
1653 0.211788 0.465534
1654 0.211788 0.466533
1655 0.211788 0.466533
1656 0.211788 0.466533
1657 0.211788 0.466533
1658 0.211788 0.466533
1659 0.211788 0.466533
1660 0.211788 0.466533
1661 0.211788 0.466533
1662 0.211788 0.467532
1663 0.210789 0.467532
1664 0.210789 0.467532
1665 0.210789 0.467532
1666 0.20979 0.467532
1667 0.20979 0.467532
1668 0.20979 0.467532
1669 0.20979 0.467532
1670 0.20979 0.467532
1671 0.210789 0.467532
1672 0.211788 0.467532
1673 0.211788 0.467532
1674 0.211788 0.467532
1675 0.211788 0.467532
1676 0.211788 0.467532
1677 0.211788 0.467532
1678 0.211788 0.467532
1679 0.211788 0.467532
1680 0.211788 0.467532
1681 0.211788 0.467532
1682 0.211788 0.467532
1683 0.211788 0.467532
1684 0.211788 0.467532
1685 0.211788 0.467532
1686 0.211788 0.467532
1687 0.211788 0.467532
1688 0.211788 0.467532
1689 0.211788 0.467532
1690 0.211788 0.467532
1691 0.211788 0.467532
1692 0.211788 0.467532
1693 0.210789 0.467532
1694 0.210789 0.467532
1695 0.210789 0.467532
1696 0.210789 0.467532
1697 0.210789 0.467532
1698 0.210789 0.467532
1699 0.210789 0.467532
1700 0.210789 0.467532
1701 0.210789 0.467532
1702 0.210789 0.467532
1703 0.20979 0.467532
1704 0.20979 0.467532
1705 0.20979 0.467532
1706 0.20979 0.467532
1707 0.20979 0.467532
1708 0.20979 0.467532
1709 0.20979 0.467532
1710 0.20979 0.467532
1711 0.20979 0.467532
1712 0.20979 0.467532
1713 0.20979 0.467532
1714 0.20979 0.467532
1715 0.20979 0.467532
1716 0.208791 0.467532
1717 0.208791 0.467532
1718 0.208791 0.467532
1719 0.208791 0.467532
1720 0.208791 0.467532
1721 0.208791 0.467532
1722 0.208791 0.467532
1723 0.208791 0.467532
1724 0.208791 0.467532
1725 0.208791 0.467532
1726 0.208791 0.467532
1727 0.208791 0.467532
1728 0.208791 0.467532
1729 0.207792 0.467532
1730 0.207792 0.467532
1731 0.207792 0.467532
1732 0.207792 0.467532
1733 0.208791 0.467532
1734 0.208791 0.467532
1735 0.208791 0.467532
1736 0.208791 0.467532
1737 0.208791 0.467532
1738 0.208791 0.467532
1739 0.208791 0.467532
1740 0.208791 0.467532
1741 0.208791 0.467532
1742 0.208791 0.467532
1743 0.208791 0.467532
1744 0.208791 0.467532
1745 0.208791 0.467532
1746 0.208791 0.467532
1747 0.208791 0.467532
1748 0.208791 0.467532
1749 0.208791 0.467532
1750 0.208791 0.467532
1751 0.208791 0.467532
1752 0.207792 0.467532
1753 0.207792 0.467532
1754 0.207792 0.467532
1755 0.207792 0.467532
1756 0.207792 0.467532
1757 0.207792 0.467532
1758 0.207792 0.467532
1759 0.207792 0.467532
1760 0.207792 0.467532
1761 0.208791 0.467532
1762 0.208791 0.467532
1763 0.20979 0.467532
1764 0.208791 0.467532
1765 0.208791 0.467532
1766 0.208791 0.467532
1767 0.208791 0.467532
1768 0.208791 0.467532
1769 0.208791 0.467532
1770 0.207792 0.467532
1771 0.207792 0.467532
1772 0.207792 0.467532
1773 0.207792 0.467532
1774 0.207792 0.467532
1775 0.207792 0.467532
1776 0.207792 0.467532
1777 0.207792 0.467532
1778 0.207792 0.467532
1779 0.207792 0.467532
1780 0.207792 0.467532
1781 0.207792 0.467532
1782 0.207792 0.467532
1783 0.207792 0.467532
1784 0.207792 0.467532
1785 0.207792 0.467532
1786 0.207792 0.467532
1787 0.207792 0.467532
1788 0.206793 0.467532
1789 0.206793 0.467532
1790 0.205794 0.467532
1791 0.205794 0.467532
1792 0.204795 0.467532
1793 0.204795 0.467532
1794 0.204795 0.467532
1795 0.204795 0.467532
1796 0.204795 0.467532
1797 0.204795 0.467532
1798 0.204795 0.467532
1799 0.204795 0.467532
1800 0.204795 0.467532
1801 0.204795 0.467532
1802 0.204795 0.467532
1803 0.204795 0.467532
1804 0.204795 0.467532
1805 0.204795 0.467532
1806 0.204795 0.467532
1807 0.204795 0.467532
1808 0.204795 0.467532
1809 0.204795 0.467532
1810 0.204795 0.467532
1811 0.204795 0.467532
1812 0.204795 0.467532
1813 0.204795 0.467532
1814 0.204795 0.467532
1815 0.204795 0.467532
1816 0.204795 0.467532
1817 0.204795 0.467532
1818 0.204795 0.467532
1819 0.204795 0.467532
1820 0.204795 0.467532
1821 0.204795 0.467532
1822 0.204795 0.467532
1823 0.204795 0.467532
1824 0.204795 0.467532
1825 0.204795 0.467532
1826 0.204795 0.467532
1827 0.204795 0.467532
1828 0.204795 0.467532
1829 0.204795 0.467532
1830 0.204795 0.467532
1831 0.204795 0.467532
1832 0.204795 0.467532
1833 0.204795 0.467532
1834 0.204795 0.467532
1835 0.204795 0.467532
1836 0.204795 0.467532
1837 0.204795 0.467532
1838 0.204795 0.467532
1839 0.204795 0.467532
1840 0.204795 0.467532
1841 0.204795 0.467532
1842 0.204795 0.467532
1843 0.204795 0.467532
1844 0.204795 0.467532
1845 0.204795 0.467532
1846 0.204795 0.467532
1847 0.204795 0.467532
1848 0.204795 0.467532
1849 0.204795 0.467532
1850 0.204795 0.467532
1851 0.204795 0.467532
1852 0.204795 0.467532
1853 0.204795 0.467532
1854 0.204795 0.467532
1855 0.204795 0.467532
1856 0.204795 0.467532
1857 0.204795 0.467532
1858 0.203796 0.467532
1859 0.202797 0.467532
1860 0.202797 0.467532
1861 0.202797 0.467532
1862 0.202797 0.467532
1863 0.202797 0.467532
1864 0.202797 0.467532
1865 0.202797 0.467532
1866 0.202797 0.467532
1867 0.202797 0.467532
1868 0.202797 0.467532
1869 0.202797 0.467532
1870 0.202797 0.467532
1871 0.202797 0.467532
1872 0.202797 0.467532
1873 0.202797 0.467532
1874 0.202797 0.467532
1875 0.201798 0.467532
1876 0.201798 0.467532
1877 0.201798 0.467532
1878 0.201798 0.467532
1879 0.201798 0.467532
1880 0.201798 0.467532
1881 0.201798 0.467532
1882 0.201798 0.467532
1883 0.201798 0.467532
1884 0.201798 0.467532
1885 0.201798 0.467532
1886 0.201798 0.467532
1887 0.201798 0.467532
1888 0.201798 0.467532
1889 0.201798 0.467532
1890 0.201798 0.467532
1891 0.201798 0.467532
1892 0.201798 0.467532
1893 0.201798 0.467532
1894 0.201798 0.467532
1895 0.201798 0.467532
1896 0.201798 0.467532
1897 0.201798 0.467532
1898 0.201798 0.467532
1899 0.201798 0.467532
1900 0.201798 0.467532
1901 0.201798 0.467532
1902 0.200799 0.467532
1903 0.200799 0.467532
1904 0.200799 0.467532
1905 0.200799 0.467532
1906 0.200799 0.467532
1907 0.200799 0.467532
1908 0.200799 0.467532
1909 0.200799 0.467532
1910 0.1998 0.467532
1911 0.1998 0.467532
1912 0.1998 0.467532
1913 0.1998 0.467532
1914 0.198801 0.467532
1915 0.198801 0.467532
1916 0.198801 0.467532
1917 0.198801 0.467532
1918 0.198801 0.467532
1919 0.198801 0.467532
1920 0.198801 0.467532
1921 0.198801 0.467532
1922 0.198801 0.467532
1923 0.198801 0.467532
1924 0.198801 0.467532
1925 0.198801 0.467532
1926 0.198801 0.466533
1927 0.198801 0.466533
1928 0.198801 0.466533
1929 0.198801 0.466533
1930 0.198801 0.465534
1931 0.198801 0.466533
1932 0.198801 0.465534
1933 0.198801 0.463536
1934 0.198801 0.465534
1935 0.198801 0.463536
1936 0.198801 0.461538
1937 0.198801 0.461538
1938 0.197802 0.456543
1939 0.197802 0.458541
1940 0.197802 0.455544
1941 0.197802 0.453546
1942 0.197802 0.454545
1943 0.197802 0.456543
1944 0.197802 0.454545
1945 0.197802 0.452547
1946 0.197802 0.444555
1947 0.197802 0.441558
1948 0.197802 0.438561
1949 0.197802 0.440559
1950 0.197802 0.438561
1951 0.197802 0.442557
1952 0.197802 0.438561
1953 0.197802 0.436563
1954 0.197802 0.437562
1955 0.197802 0.43956
1956 0.197802 0.443556
1957 0.197802 0.438561
1958 0.197802 0.436563
1959 0.197802 0.438561
1960 0.197802 0.443556
1961 0.197802 0.438561
1962 0.197802 0.442557
1963 0.197802 0.444555
1964 0.197802 0.450549
1965 0.197802 0.453546
1966 0.197802 0.454545
1967 0.197802 0.457542
1968 0.197802 0.454545
1969 0.197802 0.457542
1970 0.197802 0.460539
1971 0.197802 0.461538
1972 0.197802 0.462537
1973 0.197802 0.461538
1974 0.197802 0.45954
1975 0.197802 0.461538
1976 0.197802 0.461538
1977 0.197802 0.461538
1978 0.197802 0.457542
1979 0.197802 0.460539
1980 0.197802 0.457542
1981 0.197802 0.454545
1982 0.197802 0.456543
1983 0.197802 0.460539
1984 0.197802 0.461538
1985 0.197802 0.463536
1986 0.197802 0.464535
1987 0.196803 0.463536
1988 0.196803 0.461538
1989 0.196803 0.461538
1990 0.196803 0.463536
1991 0.196803 0.464535
1992 0.196803 0.465534
1993 0.196803 0.464535
1994 0.196803 0.465534
1995 0.195804 0.466533
1996 0.195804 0.466533
1997 0.195804 0.466533
1998 0.195804 0.466533
1999 0.195804 0.465534
